354893 853935
37453 463259
387978 508946
200911 352328
33619 269453
203404 550678
230345 295102
450086 635400
343838 829595
47094 278290
533902 668853
32338 278703
173758 219983
9124 544733
872367 922940
408292 640576
374726 450605
4554 293359
227504 348709
479869 846902
447316 556805
102366 126111
345701 446907
623559 673900
184403 306396
101585 120994
49852 767895
73543 154372
148349 769757
149447 404438
755601 790785
641669 860735
223049 539856
11239 43443
89121 304089
224370 409031
252778 768691
273944 399818
19038 589087
21110 730565
179582 490625
2545 354927
112075 301404
220012 407260
41512 837897
152293 196930
38023 162974
390647 687302
27676 707460
268942 697191
586439 671375
241567 740027
6682 58255
499089 757360
409525 762615
265655 896412
95487 268301
147842 340826
93855 108574
66640 157362
553402 778450
102775 144048
70597 214624
178783 297427
46417 59665
415868 626145
696615 847234
177911 720077
24862 169219
54951 216853
376712 449411
141218 307194
682578 934926
21063 41640
103426 984796
264379 559947
156531 645336
28564 418989
9490 21394
226812 596267
136253 261173
229118 256087
445344 907124
357845 961317
36396 74608
642266 800999
224973 270436
236523 280379
462337 606354
121377 491130
147793 442162
16 44
292037 482269
111736 179816
602646 614195
196788 328935
265409 503846
825427 832448
382714 519871
800470 964458
120334 153095
223887 886313
315645 580459
278981 771133
100887 484964
90317 228473
162552 713019
91570 179972
192340 239731
703521 722499
212150 280229
128218 652398
25237 117274
278831 831758
210685 790213
816320 964210
307445 814965
116671 524991
62596 164492
154646 979066
78958 226840
169946 841961
215900 622041
92045 241431
586258 809409
199717 646314
93461 201732
87859 403549
228729 484331
52049 121128
34440 136641
519119 948872
11620 14823
106535 108085
164750 179602
1942 65914
399192 557309
232611 888415
1722 44127
203587 378914
61183 223778
138148 778299
142393 290745
62145 344881
224206 348363
174197 749442
80543 471305
72186 121198
171605 746670
82606 642285
153761 183211
2857 6149
954500 993481
639833 846889
180223 530024
598266 727271
291107 302940
283061 688181
227659 293889
455291 776795
139755 370309
169178 169791
236681 363122
285487 462464
116480 701349
606116 648468
59265 171741
183275 234634
105300 280383
410590 458827
454056 651851
923561 991366
122619 214895
618304 822806
190170 471468
191595 421836
85133 499731
1784 342173
160440 214629
47699 221687
488828 830018
475877 902796
481680 933707
81882 214540
293285 581637
644788 822887
431500 924664
231500 481635
250249 605637
152274 183366
136352 505081
11899 132756
159517 957816
128147 653462
145668 208360
29867 631517
483688 886869
21272 797849
358692 569379
170003 266773
31369 38822
111304 492419
128760 902258
721877 858991
131136 550878
12415 511854
115524 153825
546654 693604
175427 398712
91321 470218
6306 327600
520048 949287
3393 292798
101491 190557
139249 358087
79842 161184
160260 846989
687652 840158
625264 678683
59869 95441
113257 320485
591185 620887
42464 93994
218381 291909
169431 242630
80822 456837
261835 429000
16741 947944
15427 412743
31564 284506
285630 657350
208550 790803
226800 278907
3644 10197
167856 208869
192009 425693
112178 426210
257496 554498
101753 588287
601804 854255
489468 598588
165891 791420
40585 219873
203508 235518
266134 653872
322 394
25710 33651
20643 112763
164450 402966
346588 991104
462995 519650
54880 936847
137507 707721
312088 482875
114297 511658
108948 380659
204622 412959
88622 191797
16942 31914
730487 867716
93105 98432
77527 734297
567190 827163
9665 196630
60526 67846
278013 407448
272325 860486
223617 423116
72066 167560
163781 201615
447818 768498
164742 502410
75519 671151
385029 646656
365781 381445
12644 114979
185871 987810
684466 765414
641515 836073
212441 971437
246940 278021
266292 513829
171272 853770
277275 721879
185325 448187
49448 342112
36649 46039
241504 317563
564 10560
87938 540468
37076 38062
402035 673953
41095 689509
184152 194607
436594 462310
349621 530866
190261 438128
568515 759902
99116 138538
132330 143643
145384 545194
408267 628716
607957 711799
321143 352382
7587 411081
573539 868014
317913 470150
49268 112397
99984 742147
58677 95050
207765 584479
89927 403060
559556 926930
610733 645713
294374 823838
263965 316490
620899 747932
27920 77274
144026 494924
290932 886679
129163 496639
291103 720084
209440 220980
668650 677642
845549 863223
71346 387243
82137 617135
5851 123632
261466 498976
791721 859303
441379 468814
88298 847719
91123 425220
345990 839619
143646 652388
337694 736147
66882 195518
98581 268277
147581 873854
30737 34563
3354 79125
86475 473252
582766 874691
50947 139254
470988 668486
25821 556575
110545 359425
132091 578070
161136 690537
28097 630571
634214 800259
37507 235331
113349 555404
150523 999672
196780 395324
68290 210933
375328 445581
242605 453273
529299 613413
84873 595888
248918 630788
280 4527
36512 457845
198871 208017
647814 705814
225736 695723
714137 937914
27486 32989
309714 576096
326602 790659
225563 352002
180639 708450
48918 855994
351707 392045
614127 624200
38778 737687
160620 655268
328621 525944
169752 282293
345858 508281
302735 857255
612948 886326
428414 482937
102432 746396
601467 814895
38819 64482
800136 855145
175729 262280
166434 372865
430344 856190
61096 671493
237111 663513
516654 736248
543756 646985
795367 871330
371312 545077
126653 782760
234449 851908
479312 566427
201963 212027
359130 362306
543154 646141
4566 574444
8774 125824
25204 48252
412190 436871
744597 980983
531848 662340
29609 386935
384830 657277
99022 121634
23521 30781
23113 258171
600792 804118
156646 641126
308282 314805
146935 482813
98575 910787
410806 496471
197788 355125
291058 824930
30871 496596
74157 90121
198912 373350
34671 379035
70392 854600
155292 157645
110367 116536
15982 33737
121631 158203
18356 120903
404776 827777
87841 140996
584088 600422
104043 359380
302848 525854
74385 387875
928419 997527
124701 144096
293842 333110
149271 196639
564465 615569
349632 923854
222052 754938
342329 486878
373349 738857
14414 49576
131381 596660
504458 730840
134 3731
434040 907168
152920 364954
247042 718835
92002 439189
330822 543827
158909 230641
6676 14299
174575 303281
244442 455272
46812 185224
198109 346291
21771 230404
394316 482618
338349 890648
32635 78717
47981 277386
58140 105575
126179 249908
7578 306575
377415 421831
212862 545505
23761 761879
65660 144353
246550 405459
442169 523914
266123 559366
628957 697161
345526 614357
135873 137638
150857 667519
137316 314624
16762 40439
1063 411467
641818 786719
62873 232660
351493 437633
54414 109139
75328 137821
474435 778509
592079 807793
156685 197438
45028 142952
141947 174596
589264 761715
467794 555336
305118 353287
400249 922011
402460 695823
343896 744724
281491 353198
166329 754833
77336 167387
399131 673002
608671 858058
191600 554216
162525 727596
106998 847243
172968 275037
218218 613251
50663 682004
78973 88984
248067 593037
10861 229809
175134 641470
9796 68161
169232 727626
171377 596015
35667 429518
143949 707432
338881 991002
334270 688666
179454 193232
769256 911312
100381 195037
118087 145817
185118 332180
256558 293203
129051 159084
2556 15873
241547 730229
77199 264957
26436 89203
643085 670379
33293 76232
168639 619324
87136 465353
33686 765192
116872 314737
182418 302106
440371 541714
82314 130776
392598 545407
338002 682847
70363 89745
199506 697114
187601 600594
673217 766066
196070 927100
100980 899256
23726 140930
42213 543668
173621 356208
718006 985210
104239 182218
753090 801596
148456 173954
614 298174
69996 541734
91595 160570
489624 922672
193201 944783
99175 676914
764101 855630
19625 62168
172021 264541
236397 335317
180595 659965
276565 550493
942590 994379
141428 678781
41919 123060
29620 77905
178782 902530
225870 397546
119405 354828
53275 588194
462789 991397
23185 64846
85760 336429
550946 795397
342370 598839
265093 851680
234941 274386
29719 93207
785649 978039
204218 708823
39829 766027
493172 621036
166508 740519
227614 356563
467503 752986
555697 894334
457450 800847
19568 65462
286969 803989
320470 763551
87769 165013
209711 260047
331422 364697
645 15387
122240 267627
143641 340783
5441 594977
430235 754366
508545 545817
620707 645558
2915 54913
94349 616061
525388 668298
5993 192063
607153 648596
499964 668333
208093 432923
73024 783913
197359 271929
170911 172388
794696 987110
90097 702789
228147 637197
261940 347426
129238 551609
161718 462955
70696 335334
341602 401174
137435 211532
48818 166533
17774 294787
480968 633394
538783 544246
191249 422186
517193 569807
831262 915449
259525 687065
127969 531426
570458 663550
142237 510233
74793 99434
63052 128242
490379 520738
100159 909953
327759 877466
79185 116072
57230 80701
60578 290369
416709 990919
287831 693804
189274 318386
37906 844944
97558 294885
361679 442472
49616 81379
29434 716052
377137 914010
169759 282194
151225 464872
225652 275823
665938 887257
696114 711988
98296 191039
372169 495642
27472 31800
388202 865571
151265 587680
66096 709423
102999 343810
220789 714338
35664 68892
300269 957083
74282 128011
196907 425221
195430 203145
330329 360526
42514 132170
234701 272315
373062 385059
10713 908776
164703 370076
189214 362436
739925 791353
479835 853761
187596 790761
8770 9094
1527 155493
740227 987374
641208 660924
280826 998937
161429 343532
397108 503540
578796 623334
494678 521706
1319 714971
896 20770
35759 232268
153759 221708
154490 257798
72373 131981
242340 270650
125217 842259
14823 44282
446921 711417
494481 970745
243800 502886
313487 343951
157860 438603
405662 555054
52278 372622
328139 544482
203523 453522
1680 197659
460706 512584
441566 538979
66933 122826
369301 528990
513126 673074
130776 187806
595610 943701
112960 714234
318828 535698
839772 963672
533407 678419
118095 713842
588902 721631
588768 940424
85016 88535
27794 817978
38390 687541
40539 106538
204015 820207
307001 440506
253658 844935
14539 101415
269567 710685
10718 60362
298027 434058
226693 666372
510078 562517
74196 516306
667984 931224
33689 36086
13117 95155
16613 45389
224410 298235
166625 777817
739481 945519
418472 828063
16584 86803
41718 76131
26263 91917
758354 911051
210515 507762
366036 786152
130077 937036
19958 92549
218896 575390
169232 176613
355985 853433
426560 532794
90592 787795
291941 971117
21611 783533
65077 215754
186928 859171
501584 901537
816915 877334
707297 794968
80992 111917
430746 698228
473077 604341
187348 492133
283843 348791
16024 306133
19910 394205
39129 601157
99262 238219
164151 343128
105542 505041
494982 958005
189770 877961
42463 45200
401748 432527
200757 220268
66563 405436
298580 619625
386798 597705
185679 650124
361948 792794
146845 516690
224532 460660
163767 179896
88743 146063
148552 837338
163037 791141
100734 490808
104600 327954
583814 614834
42687 94430
594834 790139
83243 286657
124 4939
67092 518771
79323 354912
69402 805452
418238 421164
635451 901561
281533 756005
379819 552647
19006 123253
14595 17623
308917 325289
83583 312939
66760 140323
147489 445673
121758 387881
232476 649498
833342 856276
473204 675067
434569 998205
92475 811651
76302 808652
48823 386003
361622 755694
295653 909459
371180 613138
28500 264621
466785 497192
20529 394788
221196 907573
21087 270435
294066 396651
189742 532801
111460 414271
56635 152193
696099 962310
794303 950119
10706 570317
324145 687269
247943 811357
152800 849076
191113 495560
195225 595293
41004 129710
302861 413751
413919 449929
112271 131775
459760 496010
378022 977117
74964 197791
35559 145062
410130 637862
240548 799132
309121 560775
410455 758897
461990 940650
254679 489334
101097 539620
161299 788202
69794 392705
2333 18615
936570 945595
100953 369168
68396 106124
492963 587790
429017 941698
59533 936241
366212 733733
137043 232674
84061 400163
537944 810499
377082 602411
333559 505120
691390 818941
327479 547139
756059 923844
171929 424284
45246 100731
126600 846289
145989 502483
6281 9631
200647 211679
771924 828999
400540 420915
70670 71319
248767 530696
691454 934791
102368 152012
127728 352095
77582 107867
147801 186310
161672 339422
687177 750214
359018 370997
21366 58624
372036 392905
318483 841010
340723 719945
71190 91124
42665 60108
463032 502339
103864 167333
2728 10058
155548 207759
590367 672297
106341 157791
62281 469887
16387 16677
287040 593156
136745 289880
330832 535174
362812 563909
250981 390727
189761 693167
209956 613261
12534 21695
664915 782836
366526 471438
296366 947604
230671 580600
617614 871654
175833 321753
21279 70989
378643 553596
93221 856182
72909 74534
28240 40432
378009 718184
246743 552116
123630 128528
82855 400956
147082 788816
50017 106808
184716 507450
606679 948404
103237 975097
43544 624757
32846 97775
46 14202
509374 930449
387862 710934
428343 458414
22310 71728
568511 601980
47303 878350
89639 249441
87505 909817
104717 219623
253919 419593
787 12409
86551 116998
511574 593739
148547 404850
253741 898136
547603 581930
33117 172568
668640 711567
52312 735887
536831 932964
177265 737750
18815 857822
115398 451895
59075 392105
53725 259101
306091 577032
770973 983905
105643 230675
132554 257493
513912 574396
214770 328599
529840 737670
56392 394979
2302 6010
939607 963003
359382 488237
60955 882104
35255 286915
20965 22489
87864 845611
89331 855474
99046 118745
895073 952391
361715 386582
299417 640405
874998 889892
9050 31371
711922 753162
183826 532207
256878 416853
3068 7204
843067 938580
35277 71306
8678 419847
8403 130305
343258 907237
9873 233165
8691 341822
72140 401532
8030 75968
134920 152985
246901 850469
9624 47418
298001 934532
