1 1
2 2
3 1
4 2
5 1
6 2
7 2
8 6
9 1
10 6
11 7
12 7
13 9
14 1
15 2
16 14
17 2
18 8
19 8
20 17
21 8
22 16
23 9
24 3
25 22
26 3
27 21
28 16
29 13
30 22
31 13
32 14
33 12
34 2
35 24
36 2
37 11
38 10
39 31
40 7
41 16
42 23
43 28
44 42
45 16
46 14
47 47
48 19
49 38
50 10
51 15
52 48
53 9
54 53
55 44
56 11
57 46
58 37
59 29
60 54
61 59
62 55
63 17
64 5
65 9
66 25
67 39
68 27
69 60
70 11
71 22
72 15
73 37
74 36
75 61
76 68
77 8
78 3
79 24
80 21
81 63
82 6
83 41
84 13
85 17
86 50
87 68
88 37
89 60
90 87
91 68
92 12
93 74
94 35
95 74
96 82
97 18
98 37
99 84
100 73
569698 513737
770120 919145
293682 35451
286639 304177
291638 659340
433561 453811
491371 912932
29394 493395
184190 306865
731534 613751
345710 202212
11477 476217
297179 997415
397785 374140
316243 595371
233398 62952
544 213807
825508 611774
312982 689502
553928 101918
747512 597388
546077 426736
606156 338244
64678 190139
699305 37646
769091 758035
115301 187466
83178 270462
836565 8890
834172 518125
814863 460434
173306 631665
445716 513573
95470 59395
976203 325684
756319 316721
991540 546247
848961 744556
263024 925273
933286 757349
230060 720543
304068 378866
602943 74174
864621 640136
858924 204927
453557 340633
718530 244005
559859 960628
792442 361778
25041 201990
343125 42622
497115 378394
273325 406115
565672 891123
180765 759434
371008 195953
625495 19156
750465 913950
908971 177145
777670 801953
66262 583550
328561 231522
919796 139412
143485 8240
414814 159955
146630 602927
807269 635790
718578 661137
607204 10731
143323 985967
856694 330616
535946 514280
666677 34324
828074 325334
906365 37788
731850 607872
262351 259170
300533 617056
79936 739173
906100 806975
66526 353270
617034 742763
998176 611728
590923 933013
93915 188705
80733 318397
424487 758827
310786 938011
158165 117478
454740 491112
554632 717864
86121 732136
627285 749151
757453 609564
604327 470583
398128 500916
582946 766886
45653 32114
623749 453351
301988 605227
487548 822679
507791 172109
863958 866505
158746 75800
236953 301472
729489 386784
586050 216341
286842 210995
597253 913180
793996 90510
890031 581152
796190 379696
793232 263022
92609 462000
315805 440625
588010 109596
944726 433249
970720 75765
138020 618768
379328 489479
275511 948217
774573 456924
115327 849733
22397 861999
310571 385836
820592 444826
532793 937583
92614 289977
95289 309863
364768 439842
650010 484241
124059 458796
616031 432483
247629 681570
289771 285143
756133 954052
989712 987497
872935 892538
122938 710743
495693 586614
198114 455690
471226 597571
361448 539281
274777 264221
192255 433071
348642 299486
485135 864885
462553 964168
612025 87597
562619 889902
533178 387029
350358 318391
409966 712272
932911 88006
587673 895116
127457 934821
452461 644004
634796 224740
421351 833395
865452 270361
553880 771748
318728 937776
530924 787275
740579 661873
682869 783587
153142 886706
251089 524375
530419 175825
784153 392982
859617 841005
287857 20894
909394 265402
162643 841263
732189 44141
703247 483655
838458 80514
649516 586365
816356 772860
306343 992751
289533 454950
131457 996164
875979 686207
883164 629021
892210 643071
26003 788816
171631 632305
608533 38275
949252 74765
888775 995567
804244 392558
870101 136811
956724 344390
563732 739892
806394 828527
820280 286446
189461 615396
873033 230533
652978 17444
543608 323854
990904 286302
678952 35157
144431 806143
807703 431720
163988 237547
243533 788110
257745 122078
142742 483248
500588 387920
791386 480342
226651 220218
204444 620431
933006 129936
144895 924347
771405 618478
451688 192175
225214 980967
308273 181011
76049 193947
347466 916644
589170 993452
72917 950788
325719 392271
643426 907066
872461 430532
342317 486656
999935 471838
134393 534831
619140 307847
327797 500250
917870 650953
287657 901912
452723 609194
547090 394656
337903 269231
355590 553302
315318 791423
828014 630784
142505 710221
120792 731231
708679 554073
798402 637319
953156 319220
197173 957827
144882 268206
280621 731338
822018 585886
927235 614467
886687 189101
424348 962901
690804 55978
622165 592145
734739 860170
39519 456092
339410 432345
873714 155226
775732 378954
968602 626035
796480 788028
21729 656995
442648 926822
855306 298526
6559 427071
630988 511974
245750 820389
493919 782130
383423 520324
147937 566310
61738 166908
104273 336441
64433 253412
519038 810233
906835 196945
985562 665746
125087 829722
391671 522030
396783 271159
52596 966774
416211 254210
459004 560373
304825 575815
822650 382931
565654 46357
721332 408392
298481 381332
806475 50120
849340 423453
808372 54750
187527 608355
60803 86190
336885 624212
162284 671411
318878 121008
368782 322756
567425 221212
877593 421059
223755 744890
69253 913149
98469 842056
219940 335470
902582 516521
293362 920955
724815 147153
605340 25495
303078 745165
275064 370351
161971 413766
966850 783709
267707 901900
884552 571108
944378 169257
494841 525998
837413 47600
229197 775110
751001 893185
988893 661970
876234 990687
345809 401758
622671 711101
815444 85494
327860 998524
858444 84460
427183 196533
630767 156361
295328 247532
544841 500634
939858 255319
132844 373767
771803 712398
542804 612723
40934 943784
895490 892841
557038 70811
543152 603232
538196 257388
964318 3350
995654 283983
41863 614253
65021 222222
862919 452917
218646 295754
765164 924697
90659 243675
4700 940821
473381 988061
165801 25111
655010 440199
20995 841010
318347 640676
259090 289651
979564 724761
897403 457339
460149 371372
6806 499746
797384 980031
799529 346572
732742 789485
668692 291559
833739 228474
107615 337815
576424 80093
346319 557792
97266 965559
444271 368419
483357 766396
63855 380273
737662 604916
447141 367162
169007 192134
285863 383365
63682 964624
608241 707461
49676 726516
601570 841244
20743 67523
793096 117306
647463 984799
460825 980654
628011 270410
710853 808083
172828 218958
861020 845180
382696 257857
709549 454046
11099 307763
261535 628922
696081 886111
137588 198309
342869 910659
911599 835912
953256 271252
673835 730062
315980 235908
508264 843490
159611 185280
490269 377104
782141 233965
575259 82754
520922 506193
505339 724972
234046 235108
236382 650420
182408 266604
506129 974125
789310 124155
396664 409087
321128 554656
978593 705112
758055 524693
511355 221862
930962 641458
701790 343034
515 204307
14441 275951
946972 836756
233375 112913
122868 468978
968835 742891
869092 824034
809304 229976
881179 80851
504448 464268
932435 844423
924638 954247
102462 865292
839937 909328
18203 670174
485187 205328
411317 682349
722406 182012
411614 441432
981028 577349
840429 433939
828584 719519
631189 411342
741857 413073
847330 72976
322480 168315
515312 997270
489949 824410
141459 464741
465581 655330
720568 365289
639886 533677
586315 218606
542265 900963
333310 792958
26880 336709
125452 597242
489950 586978
946279 134410
265616 258832
832152 862520
198893 590638
214978 437285
82396 274530
939944 210515
114130 897644
734250 408789
348871 942003
345429 606378
754738 77540
101131 987610
624412 585176
176426 926552
563983 882360
580125 513312
337541 930974
672226 705917
689678 768385
747005 504484
337789 239947
893982 423100
325398 52564
225535 535694
907140 574660
462167 450826
294414 593967
417913 303710
690129 829373
296645 581146
961472 217126
91818 918776
74616 57918
966530 816248
184897 37998
709643 234434
158150 681588
982702 105496
19314 299648
252191 609978
174635 897066
558710 487269
149570 696168
626244 430545
140023 709421
261316 44362
146444 922350
902434 467546
491055 921450
696221 814068
276962 328924
992072 312909
878847 334774
614280 66239
336586 436253
427437 591681
130168 390074
886373 977102
255493 586714
26481 840791
835434 439858
30166 784549
999986 292486
719377 729129
720588 860847
722345 31356
368192 115215
926125 558077
700079 534262
641172 467040
570221 106071
564766 578866
637773 524617
904237 196221
107550 987359
906666 441858
8486 222893
37463 453748
695163 75102
132718 867341
274891 510112
200518 21097
20417 865419
21887 457150
807502 931845
945310 243942
347445 314450
53290 325162
169383 224513
158757 464862
428028 632165
835409 346601
857163 841791
436043 735405
182232 559134
886375 641464
762969 202430
994092 287385
495622 686550
422628 278785
708972 609329
656380 49528
854241 661013
117485 808039
420747 561318
913303 926721
920110 290482
738992 947090
180277 618095
870519 512809
124662 300620
417766 257785
231103 111308
4297 221143
598954 466344
895412 288180
188097 620225
36524 460152
942941 346990
952152 224450
347551 473490
759561 724803
684131 112010
777619 475127
85606 645416
204494 807143
981652 958969
656666 689274
355225 191539
330067 792532
664513 601075
149540 489703
82414 511230
437829 728335
625674 532457
133269 85418
462120 669402
322093 462686
672730 598178
5892 522529
762031 850901
361352 84469
29377 427491
851420 749197
326192 808628
98042 424878
379688 366361
642424 960145
678379 248311
902142 824292
547318 835690
904019 689762
695009 554637
480934 110780
368585 895602
296249 536126
348985 821218
462332 675586
40775 393578
383448 681075
611617 655989
905226 673496
728161 361447
665100 709510
834522 514051
393945 22622
332272 230643
321166 817364
493086 391381
199429 710046
380461 643508
974301 103734
406038 992376
174617 709525
367915 753444
48792 38754
314138 776199
76511 477539
747345 451813
475438 692716
793753 506071
603206 266075
862493 110640
204224 632744
458356 482090
358023 888087
894474 703526
934157 431839
359241 555840
404929 623730
291427 480641
767700 426092
942404 87051
974556 873475
525061 905819
710988 788548
747952 154930
501884 562431
989638 726099
944978 904644
638899 512909
729472 293258
459275 419344
760656 517832
692293 264653
82594 139638
603678 373218
297419 767892
387029 354925
52209 136901
329782 53796
801304 953636
459090 234586
325708 694622
642300 276412
192175 947991
553465 457546
935902 865260
138484 758719
379833 441592
18010 443794
360431 351144
67554 158229
860946 247534
652511 600620
638131 458334
588645 44708
708130 831628
849643 892352
894007 915734
903514 936114
275941 345678
211424 737346
11103 879097
69406 521532
300703 984248
382543 900549
441291 278448
133086 547210
363411 824076
330292 681580
784099 559396
535196 173497
616830 25329
944588 191969
354833 5483
923091 902618
627978 392726
378440 773024
992891 482227
756375 357839
776742 318086
570490 551171
725968 534783
433239 673127
891778 952249
460416 625718
502277 258576
584321 866289
28030 384313
855022 443537
219884 287453
336377 522905
893259 808229
446019 864940
656922 420681
890938 924325
655155 951251
986013 923425
122926 946478
633996 845660
874524 393955
429347 629598
871217 610003
521615 603640
776388 907298
185695 130991
897073 983713
54002 441763
501310 754056
450315 537379
647895 746341
346377 802531
537324 840086
143345 399564
751736 310016
991251 392929
36702 672374
913139 513172
724780 383305
763178 573992
329004 123802
363618 602298
928509 578407
973685 636109
441055 512822
182754 651078
848674 785513
699073 579575
211439 268311
733316 311055
711885 566241
798190 652757
454668 569369
832644 597733
649471 628511
62484 313401
179753 650834
487036 308977
286384 518707
647410 199917
591715 8801
10206 907428
707120 528361
972461 178602
396319 237084
178703 285797
245287 647750
51514 586556
990630 994556
697332 624825
444136 142344
191222 539304
987089 253017
535175 928911
374286 876544
822413 406707
136697 524275
299029 241490
656108 279656
859570 887901
709184 814841
958496 983268
84729 231376
447882 127134
754498 632435
738459 194825
80994 971315
675718 386157
247504 5378
98369 357629
574372 835639
401403 522665
557633 746768
428095 582557
563628 266555
656099 591534
456667 389490
716033 497761
999900 761269
999901 651949
999902 719330
999903 642088
999904 604426
999905 139620
999906 392034
999907 174413
999908 666661
999909 375360
999910 530912
999911 464149
999912 874012
999913 110872
999914 687959
999915 364784
999916 57902
999917 355867
999918 448537
999919 500651
999920 407190
999921 965778
999922 175379
999923 424835
999924 883794
999925 495836
999926 770150
999927 280598
999928 273033
999929 43798
999930 875201
999931 754775
999932 483221
999933 77108
999934 35835
999935 601885
999936 942199
999937 436247
999938 42029
999939 885059
999940 994349
999941 537507
999942 304700
999943 661648
999944 481662
999945 559037
999946 236715
999947 577656
999948 991775
999949 959095
999950 348232
999951 49176
999952 260814
999953 58549
999954 536553
999955 277413
999956 870390
999957 561542
999958 125838
999959 714879
999960 53894
999961 560980
999962 536726
999963 404130
999964 652907
999965 396874
999966 982668
999967 926155
999968 56282
999969 201153
999970 191030
999971 302190
999972 192543
999973 877800
999974 902635
999975 74204
999976 798263
999977 132382
999978 56755
999979 799047
999980 748926
999981 432354
999982 530862
999983 709957
999984 947997
999985 391267
999986 37331
999987 964407
999988 872936
999989 19707
999990 199884
999991 688468
999992 802348
999993 706613
999994 807006
999995 359446
999996 752601
999997 562495
999998 513725
999999 111728
999999 999999