1 10
100 200
201 210
900 1000
275930 463539
232716 685022
880144 964194
389695 803147
888768 585657
409717 843309
110269 450022
150254 141603
734858 502085
622698 939815
251406 42074
160433 224367
650027 534100
369584 411347
493470 812785
237112 358042
62562 627925
96114 826820
59257 190673
629634 579032
285390 14592
731987 734572
306109 881100
840533 897004
353973 201165
301055 814676
633053 393779
436314 24992
741951 156604
250075 12025
150446 665314
117817 896911
536562 805553
390565 575971
319179 515052
569694 523265
905869 193329
598286 182297
16445 922535
858531 985833
939831 935398
664886 563317
735110 364821
399143 622120
197244 814617
946234 321865
873733 701961
758585 700336
540582 639523
701981 854968
324244 348921
817391 135704
90780 726948
270869 562978
814326 722220
57595 48868
383970 622248
476336 769955
711528 199562
997037 217186
62226 920421
906926 31060
246141 80760
39521 719680
680329 301400
966053 752766
359863 288217
260321 326443
460596 142793
835649 301651
637292 795254
896591 433266
77794 323364
748210 27551
27280 20559
562196 592273
806179 80531
211800 876879
311162 677049
456504 939348
610690 35154
82514 521855
524915 813415
86665 69135
14319 746911
628952 181462
792259 36639
272912 158383
823708 413524
983230 559887
275746 153758
456411 388430
44982 577137
623053 578240
202854 721168
579192 967603
571867 951107
779391 825323
174128 239729
55700 304307
478109 730500
914282 903242
210397 983973
605485 131593
996247 999582
663293 93631
246096 703687
966571 633995
514740 99558
887181 20279
25720 686148
759031 877389
175512 69879
727266 233935
610458 917300
18304 92683
903925 526357
809070 895074
952015 330147
167776 614114
953212 589410
988731 980409
240669 378653
450171 522912
295418 725679
286743 688920
984596 425413
87264 297147
440860 616333
903535 973197
27477 681399
687466 18509
518148 415318
461441 371865
961443 686041
670805 936819
696801 10846
867567 568874
642363 565937
730821 443052
284475 153397
442114 355443
764528 560471
602935 751641
80856 563518
206661 920429
701752 552618
658794 842863
820223 382705
476962 644915
71918 593216
96145 466065
784744 580641
154772 826781
732012 656990
743752 254535
920498 182073
363248 11060
160662 118612
750902 252776
38294 426620
320438 851834
435229 687066
681021 406986
931286 224775
595408 681486
260462 786613
778938 819510
491433 523398
141524 213052
755769 622628
431325 818050
156831 443970
751430 51480
958120 420601
89840 140415
271950 306901
828244 939572
247617 576564
176511 785595
192798 905161
617517 914379
152769 707245
740897 331931
219056 640524
294467 799847
242494 838227
888539 773174
685211 385701
551037 711483
61886 218375
250252 173206
792709 185646
577301 498823
318768 498840
11773 690207
15178 161318
581746 301494
778084 264897
273315 771047
158732 229172
244965 644638
571131 158917
758537 566693
409398 499676
751296 749487
876689 82738
142475 869396
949703 468112
292932 984865
181065 217727
517964 122457
976439 360970
191030 635410
574090 850817
770077 303341
201639 251187
28364 412276
788092 244781
878116 730923
168811 805545
438042 382121
936884 41054
414690 97655
966443 777470
442819 240141
161798 933356
761397 277421
170814 608554
489541 102949
641788 600410
810660 709874
100152 752052
573248 247062
674643 136046
173234 412028
712161 581643
95474 468794
786339 464948
160928 917895
726949 998748
351263 991328
75552 482349
64051 696934
807395 101667
789445 94749
250378 905940
493148 852113
878971 529830
440697 894817
64284 78281
804518 148344
921077 346439
157913 946265
108311 207995
879076 672090
811887 572784
563437 596410
166587 788022
774078 672911
58763 737509
847661 264835
592149 179220
17238 387746
496260 54114
813543 74954
410131 597593
562769 898696
283750 89975
811562 513216
105336 993418
678889 325097
784697 40162
459647 41745
301223 560570
286309 900667
159621 969328
292614 840185
787353 864308
517244 736505
754772 634970
735632 102547
602303 825819
514476 320720
618555 755319
46262 564818
129105 51785
739996 55477
727732 835165
119592 189140
410221 247271
312764 382239
755428 912870
300999 180307
139093 700204
145111 295984
462988 841882
601077 760401
35299 75724
897319 299182
47692 970004
957251 377305
560355 8700
19907 96314
28384 329715
436616 272916
181167 232677
403159 579704
501031 702818
524537 586804
638205 233542
403416 907461
846247 172698
893521 421122
925387 666196
265676 724301
220812 27475
296919 542541
938742 22504
212022 826036
415221 127322
481972 646983
854 288810
715415 818501
909297 99241
266729 362944
718141 581290
728383 571718
207880 972576
175388 419191
877981 997440
886136 520067
788656 118537
276571 652595
342732 171966
953636 109234
244121 607027
119074 781907
147665 275358
36162 940749
449746 344040
909619 123237
259851 443442
322883 414863
840342 602926
327149 673028
705029 876176
383000 922559
126683 812797
618180 234306
19481 93977
283953 887484
34400 717348
867759 511983
233955 89869
51252 208573
897186 267389
590549 352996
846666 365714
239451 904146
186346 860361
36571 557067
492391 90829
633796 8272
308708 790111
856144 933856
264715 871252
352086 20168
254948 20226
18544 532301
898437 867948
866263 457415
930344 644187
128918 217915
269180 252241
713283 313782
249992 645635
537984 23826
917225 236733
914781 472432
330527 822027
889052 951342
552618 170018
375071 375292
360363 984969
996883 145824
748561 433453
777010 499364
980498 800497
202938 623636
280135 128268
745255 440774
257907 882597
601532 975976
815369 791317
296452 657318
583558 3236
781431 725344
915710 627715
845872 170306
77080 532199
977424 260448
552899 998684
290048 776469
330110 469995
776394 525317
599302 152851
934923 570727
570370 687128
772432 888410
998726 439305
289052 830581
578470 233010
815512 867493
574735 490687
991389 562927
939507 827795
748269 636081
683526 114589
393186 264064
461464 900412
775400 487208
168366 881547
563532 693674
842450 786091
860234 680316
322640 647912
738079 713566
918813 946653
792983 347047
818537 501880
480467 491959
76157 326840
825231 381711
808406 870949
75988 624086
655289 209984
15160 492217
655804 779113
927026 969893
435137 186277
678078 837248
3287 492039
969794 259632
524658 96943
586750 925458
133949 38535
381901 768111
245780 67567
816090 702472
833770 346581
100287 608396
839401 993893
376721 1481
211774 982201
919057 445730
76475 93347
31950 783193
185053 729464
186728 682472
106222 385579
942693 840941
585674 499886
372447 414819
123497 215303
34855 896722
96505 309526
20691 712098
687331 180717
233733 263938
472993 312051
863988 19416
772694 80778
959944 502642
757918 126044
113190 734433
887508 744624
531423 743049
446164 944854
194830 259065
836932 856413
366016 603105
806531 167254
455087 76863
966958 138868
129209 875894
817623 537188
599903 656890
969345 508812
221514 412662
424840 30905
890775 234838
579932 67956
250042 877236
75510 979743
365747 772198
752345 42248
378807 297628
739187 166848
605153 644244
139144 33046
702281 590599
870151 886116
811618 857618
962430 193395
36736 484967
19134 201641
223871 848302
605958 192705
773900 519435
51318 895933
133882 160758
510764 83091
691461 40727
177613 845208
26866 559001
206365 430677
864956 377810
256274 810017
613684 370413
559538 325130
75566 617985
71861 879506
775170 113058
572732 130705
358353 660625
548596 57578
687907 707288
314120 92096
585469 474341
105133 729243
651007 822418
811344 158363
228876 733368
607781 995441
383398 159259
990975 638215
697094 258931
629203 114613
811169 719274
995714 549937
890519 941399
969635 539300
614494 361163
461377 779243
869838 68979
647638 286068
53671 195627
585685 408325
782077 238763
817437 627006
843809 619124
70896 829392
438807 275877
319855 341124
97687 37373
272309 505974
191039 836538
823892 13885
606321 579403
134668 495275
995346 620792
765967 123194
976773 352923
748505 94848
815743 370709
543862 900090
396727 41787
608444 226892
755842 79819
672398 202452
45365 896354
905503 423426
565831 89580
857874 889978
420082 417501
435425 525646
418806 998643
198293 438731
98559 285090
955065 460730
100968 560710
966419 783527
705729 331657
68874 709382
10246 996753
682691 626451
105177 612114
977493 327388
607853 397389
435020 699777
84492 870235
670512 634470
217315 141176
652503 721578
54109 952717
395407 933723
315509 504634
790093 32304
529170 971591
484693 874906
710236 889743
631247 150614
413939 265767
873321 324880
248854 344728
165582 736730
358296 462496
888361 858459
952520 303890
248583 701619
705850 189521
142984 232978
720550 722281
500377 450256
803189 238713
616790 459834
999452 30988
150618 497266
689814 231961
254509 336298
61139 588827
786512 943232
438277 90100
665101 550876
784871 556205
210999 549922
664059 855665
753290 725496
87455 366952
868149 402758
974715 670242
365567 7804
396220 223896
542781 398764
377822 957206
282687 76856
809321 293954
291340 48314
917265 110619
140692 675474
837882 528534
811081 328929
57376 241082
112501 32567
874525 285026
704564 579425
584477 779304
432077 788673
782803 175155
346514 672687
45347 988185
93229 288033
252081 815985
310060 955348
992140 684191
305060 350446
812385 409355
559404 692654
553306 718790
536099 886218
653762 325521
865927 6804
100014 20755
229150 967456
644668 116800
154785 547032
27644 250084
518886 219016
193928 636977
739014 379731
921848 364345
534226 642368
850791 192279
648175 836879
628731 648218
117511 235659
787621 899671
508584 311071
998677 7004
42531 23274
559736 678284
682134 235414
323349 574902
63418 358149
786953 549734
620769 736590
735400 938823
376440 610142
651347 173121
643610 699349
90417 528521
326737 603727
355768 790493
593797 230726
100641 973829
442012 418300
937642 8552
82052 762256
739985 479783
125226 414373
82589 92379
274006 278472
189887 520398
588319 598948
832393 696971
428321 409964
845521 401904
858989 693333
331843 212361
642635 379287
151912 496202
942563 516704
8995 148107
514367 37987
289470 195324
470986 548678
833369 232925
673401 483041
978482 887692
420970 784182
546619 155262
393698 990980
922099 506943
733316 243903
10211 120571
740852 257987
657336 454104
915465 753598
64635 651081
962626 184236
833625 943904
959283 855543
544683 303847
79506 690773
188454 76001
156131 965408
345327 232846
882292 307201
739615 181899
641244 137830
682725 770916
793768 518470
963603 248349
749446 53980
944887 457309
301478 109030
979682 468003
514240 94382
776535 186648
918632 992651
9168 218114
892302 610295
292685 405056
880195 266173
629447 18048
545404 756914
565482 529253
31158 475483
592259 266404
261809 501681
778825 14394
614056 331986
225792 808519
349155 670992
695303 746432
912736 367861
690102 635131
580875 148572
329984 684782
959427 268382
605394 262992
528168 588808
975580 931076
762129 869573
822711 598209
359569 258310
973526 649781
759361 59506
356533 333090
440130 868996
875496 516476
459297 71488
748845 177284
312268 515967
889900 619543
470316 907448
384189 473985
890278 83467
757877 991084
380005 879786
525238 1995
950582 732201
453326 192826
189645 509977
88417 14417
249709 331289
351510 632794
261206 272209
429115 814761
852060 948151
760748 538549
983882 920321
656001 421253
499483 759588
961747 762755
617212 386354
243993 120109
104682 997353
149083 846866
17793 488962
965396 958578
700503 791485
919387 18716
206642 939989
408757 478522
427123 24691
200742 49782
984220 387477
604945 241311
389170 561060
767841 147910
50156 483400
530018 944829
464810 462381
737432 311291
334703 214397
504377 183356
398831 55357
688576 819452
498961 983778
757758 151119
761752 962986
302250 787056
810881 183109
679591 840286
606996 463406
664842 956289
854110 241626
524247 534189
908151 789459
630043 153611
776676 391783
590719 646554
108348 232289
883684 86663
36573 639206
146252 207521
363800 162221
606058 407097
851258 675329
613469 547238
313522 330230
876225 215119
808096 721011
790515 977796
457260 63266
212876 431531
342792 539389
123751 524316
473678 216718
896242 713035
42831 106275
302527 5931
60814 997304
965619 836605
982964 676359
695581 17476
130846 19662
37013 728686
549765 233507
398567 612653
441204 209928
335445 565016
462295 563440
912273 739450
994051 419577
586454 616844
945908 437060
721036 728604
786159 862817
661319 769329
266222 642725
290904 385884
741233 740803
120533 887901
80284 855733
257063 488975
906687 665969
50070 458366
311978 583314
820067 739744
246929 749747
834963 176531
508684 673399
620399 472673
615162 466961
764729 413137
886239 125457
610901 670239
735752 660171
615180 729877
519216 191671
696588 86016
279186 297252
601140 872285
383562 6739
161404 526291
361644 845495
344603 915271
208625 234591
151419 590965
51235 375499
752866 487084
345596 470282
734028 424527
712908 758145
951169 247491
109403 385360
302662 277882
274084 567926
664365 45948
301082 854989
346553 931806
743029 555923
692160 435541
867670 555091
855082 282823
562014 805702
372451 468486
906628 767816
876243 642272
627271 935412
177296 948964
471850 383595
998741 549357
57802 959371
836038 569076
888269 338075
777285 148948
45052 672414
630128 603693
532112 972205
370570 434926
365489 670295
754164 89985
283807 53766
911509 909849
388112 369412
887693 667422
110607 448618
379233 461721
658932 639143
372292 504004
485932 679945
992386 508639
394447 910074
638468 984522
602478 863785
393265 712109
466138 871401
776904 86626
586124 759120
142310 809807
708036 120781
398589 620473
167653 920815
292498 368570
629372 379920
178358 757751
519339 193677
63162 508385
864346 139183
726366 525841
213418 35925
882761 898183
941059 844490
682046 192921
509473 410344
320151 574190
201615 989799
175066 719774
427775 231411
673864 381635
955454 728447
47819 704091
315606 606675
238944 90598
197918 866633
483989 493044
863581 360657
520867 486758
476103 352318
937701 389924
779033 579577
916070 987854
734018 622834
507816 130603
573458 165168
628627 586607