366578 746719
573827 390150
541562 236171
406829 52810
1000000	999999
779550 430406
191397 65876
237941 190477
472252 139983
341794 825151
49019 977826
100 34673
23025 903382
429025 940724
763572 649344
242512 260931
302876 675431
82648 939
987370 290025
685253 175289
92083 307564
681677 4302
154702 33798
411356 582578
390541 757137
215873 897165
699401 611051
86018 581770
286956 418558
387477 243221
288288 104982
209038 439089
737471 901354
157334 27202
539437 788374
4405 935626
395822 128001
257857 229268
572922 337404
585355 5830
464626 866309
952683 679175
36778 226138
886921 246805
928024 452669
276839 324630
300352 317776
992842 721067
949597 261956
692763 620464
857403 672848
852202 564318
341738 193824
501080 969633
72089 452835
845450 247510
120332 91835
270709 105690
463777 814129
79126 939
156477 396257
3675 398964
66431 17552
602124 459884
967129 587027
802586 510045
655796 490750
408214 579986
394578 158883
718419 583936
757163 252892
377202 22345
733181 25079
385094 495984
652403 448627
88479 415023
464586 63052
629891 163567
512203 671759
312773 38499
963341 965471
971799 611938
965267 537074
167012 886803
201416 605444
261605 637958
127338 821414
636687 836564
976568 519036
989435 809933
150454 165372
246806 109308
594360 626962
307620 97447
29073 506133
376828 787701
738631 952875
412685 609000
166612 81845
378341 713046
237058 305785
506744 968791
247920 830208
419933 816800
986714 342813
25252 330181
962312 417092
930754 996144
997958 398779
525623 447294
302757 164229
822080 28054
618022 813146
427935 237100
183729 426455
795737 360904
775941 99838
301991 919556
521786 472532
323973 391588
81179 466930
104825 387897
807981 357852
724769 854288
165291 271359
332854 968066
287930 684674
66007 313468
656072 5379
106659 122537
869985 400461
112488 748520
648545 549046
310105 618126
122650 655789
932679 619043
716577 1610
968756 699121
567868 454803
171793 595804
252175 538227
260001 402109
274699 921398
824106 663693
689489 340397
539100 432385
891921 890095
311998 483133
69622 97218
984508 288064
92053 926336
504570 570052
562278 571584
216786 337150
779050 894058
994235 329770
920347 715162
570800 468913
110478 52895
857431 334532
416630 580789
193519 684358
250875 817253
29092 951054
603178 908146
152671 268080
201949 989147
606522 790462
767855 858323
735360 433975
720066 743264
481514 537765
303467 612377
805552 794658
388178 611674
597064 603293
210857 698842
712580 703190
678262 581975
509739 446772
209503 841932
167067 540320
938254 471780
267893 417256
550056 207723
983971 483515
681361 465946
265791 153359
461021 467233
328851 423892
910043 402609
304063 223128
777959 128455
893707 683673
420167 601340
754660 972920
519318 580752
178191 494583
583780 383549
594581 602636
448334 298811
589817 272203
407491 974026
792193 605236
951283 772640
686203 236412
903421 819739
642250 468079
586759 917013
281922 215311
473082 375135
134110 314555
386842 281574
336037 726549
433540 355237
122312 981556
425880 784397
317575 277317
793684 577950
791000 83023
495549 845061
926566 981460
206931 326012
692167 939888
278409 382245
969737 180101
309888 208727
788038 350990
292062 801939
326016 379746
963927 748759
257542 649298
313293 365002
867505 817996
535219 816726
205885 688741
13552 290217
150729 861038
335972 395368
565516 278019
637255 83776
614294 333324
687805 706050
403749 677580
189027 18397
57111 149456
75989 685755
910374 817703
769412 473476
797558 432451
403697 698884
435626 935322
422661 736029
113303 222173
236214 89093
730336 702324
287057 291956
162398 255935
987602 565721
900818 950672
339111 539716
768916 278737
105549 85547
153271 694425
663706 786577
423533 53380
959122 262286
660214 755724
147236 959731
341754 242134
548351 677014
766634 470148
682298 225888
769274 228799
572624 822919
925760 37323
961112 878697
175358 985654
53770 674945
377135 556543
686089 867497
36809 369964
722960 850297
453023 705265
533780 666432
270354 641339
50660 718827
113117 387562
259997 622346
848642 369213
86003 878792
402111 298955
593117 138417
606201 896375
14391 959607
8264 944494
336313 44700
916540 567310
647542 339944
19978 870763
655653 471334
777009 104731
811743 45661
529554 579402
53473 410096
695100 711122
453240 961710
906979 325171
433651 733883
986884 743209
593029 120566
769958 57738
973493 601883
351399 969104
159892 698973
718294 399736
470748 352665
203431 670101
773060 435511
598425 703603
348479 255500
447154 75513
997065 946290
51099 386774
244641 591484
818805 871371
712839 826090
983174 877126
760711 851744
337064 343426
696261 350289
299241 726654
772317 628280
132928 753265
397560 951596
826642 788454
853714 211029
306040 146762
782412 611443
739191 979459
3238 578564
832919 727070
563443 693467
201891 624604
256915 939238
853262 875364
495968 483820
460437 641227
457611 93823
476321 273754
916200 537354
620202 68685
81411 942260
540624 302571
170869 964052
700413 939474
391736 377212
479397 75351
465659 324202
4178 479356
642372 129430
574082 561709
46944 332405
179640 225696
55836 981673
752840 521013
523661 49332
951762 514883
68032 117926
898574 964199
413421 705135
313050 920577
253452 423900
375536 244428
758642 212219
301624 245602
661113 837889
845477 864165
570713 992541
690331 145401
974770 169210
262682 102295
717575 795401
344035 641650
462937 790074
899797 16287
728149 470508
132809 374505
688009 729518
149921 914983
876505 792639
115029 188605
652541 107137
674686 240645
469154 703754
334302 578099
750262 922025
174906 963949
261832 527460
78717 307367
817248 138636
716253 819104
639110 974933
996101 952184
905299 401137
876904 258249
506074 163963
249 160836
30223 56536
272200 269632
547134 56050
563594 36204
512255 296115
453180 780781
80075 194776
160383 943499
815928 240904
107937 128774
319591 290411
873540 908771
201286 515389
317556 453036
971407 796991
839739 172085
813517 116010
365174 369371
792163 837936
529366 798891
972065 477306
272566 225274
560879 273860
26895 961444
828922 110139
713120 325296
853849 59901
542630 92538
404351 452236
96876 133610
425861 442871
127549 170310
855153 919875
674255 731448
368411 650938
437806 137363
295139 323814
92268 192750
816434 565844
259056 340792
645917 113207
679272 535880
774785 749092
843136 947048
719292 321789
564217 400693
946512 409675
149459 821832
35068 965573
859668 365257
63611 968133
843445 22540
926745 129504
813498 421166
598596 211100
842044 73027
332994 620522
796532 48427
804509 773622
143633 865728
151675 241675
208379 701328
885728 398603
888827 754524
397241 393690
161862 840770
952717 239805
452812 829451
693579 10190
181799 243097
858769 495317
340002 132862
899258 323136
425404 707015
574028 521870
145912 992630
127155 748941
452547 583409
674869 285108
500038 600524
102332 796055
330022 429786
105080 26935
862472 13217
728415 363108
566785 39433
268417 466769
381030 466162
518025 96911
18034 37138
396094 144827
475589 198358
478250 311197
677276 383188
423616 772629
576641 97972
115666 478127
782295 976233
275202 308953
802935 635787
22673 977942
281602 306711
996911 927291
773001 667084
551547 91389
732162 333629
277043 193633
26700 445010
666403 946019
95715 857926
351177 941021
448829 961159
135574 911216
821841 477858
153794 456525
372910 598289
650496 479455
972064 311703
153120 65123
557216 682883
66213 604200
719539 591447
823662 974224
553877 63073
314674 433007
190552 131339
593743 613885
222447 294051
711033 726814
619874 534978
399827 512852
75552 646348
70450 99510
297242 511621
148782 574862
383794 900022
599189 613206
144627 624256
354305 400663
302934 596120
567459 356835
50315 651431
858004 596816
878411 241462
142517 371065
542312 589912
702440 519290
900442 31116
847129 298488
942271 702091
405176 780948
942366 525403
436324 463777
803176 502552
89337 613052
363193 142102
870526 859494
65992 241530
268682 912979
58054 110127
237326 810757
87026 741869
775469 996678
467418 730337
264898 569360
964409 464006
48330 563411
874151 479716
314465 283604
549413 493452
610645 724042
941175 805753
212671 901607
722414 371192
538097 866275
613871 853354
907277 642609
559651 389428
131972 62457
107437 617779
650958 636086
171178 503459
318044 467288
14175 256187
861946 609646
819430 363630
943195 519741
745040 860041
643642 525745
258621 146193
512515 620795
678142 868255
689181 688611
89453 331699
693401 464992
338807 756277
989813 730016
534740 809069
519890 880233
448180 157908
165649 455963
111913 324267
566174 765483
763156 144879
288926 787195
295898 964812
54247 461836
23338 615174
829901 366647
654077 983980
653981 866484
760078 688589
239261 651003
168473 783063
870486 574766
217106 758563
472240 120097
877933 401236
174844 147501
592240 233606
239787 233873
140117 678075
377748 304257
805935 721821
722943 961845
96619 251101
948868 73363
604605 427695
260728 546380
198171 602765
359764 678363
52177 339141
101510 237346
649115 124394
577607 230855
919940 308733
303020 2005
283083 343047
510188 286512
700094 200445
846664 253129
807057 349435
818591 342232
49432 249261
332273 36675
416424 43931
319728 331392
83962 882160
571646 455668
73225 439044
253351 376295
714408 344744
127441 632557
343423 780124
369055 281394
751537 265459
920379 910169
45670 956591
505855 855662
928912 856272
508886 796889
785687 151667
52896 821770
908458 443044
124567 109442
804623 206102
316769 557356
968741 352062
658845 360160
938636 762918
626295 788209
404394 761925
471556 443260
394786 848889
24047 727999
986583 92305
623810 382186
350691 511215
49406 893796
712179 891951
867352 372624
930878 893236
622670 713554
659334 524822
422390 814809
524273 858762
88468 281565
220191 783957
303330 301032
501954 114080
197188 724995
203597 795114
630770 707032
288877 294663
171012 804996
523209 507261
807100 350708
560425 362276
317812 273475
224488 729698
698130 357593
306887 160990
94875 383279
907566 600726
815130 110460
670580 429706
697214 998637
520914 150336
732116 241553
416677 238895
837109 553249
567152 426930
808139 762625
904761 464243
519410 953055
790466 669097
301325 884882
757106 537042
350458 739330
987774 495360
786499 825107
761138 479638
905323 414738
683546 456840
377519 460875
915188 585477
995009 338749
726107 570980
160566 270980
998718 576452
446459 44377
742796 619994
255734 125906
521527 590812
970018 473352
253387 737843
904767 536685
221798 881857
419665 106879
360259 347710
338801 607426
483509 150976
24854 328627
888700 498817
828687 627701
100914 916289
897549 421955
459299 330032
917354 715765
842506 153071
237271 692597
426868 228984
710110 582199
204046 595546
332808 878087
15926 747569
436091 946769
994992 210819
706103 453936
799588 713861
146175 536257
999156 517468
617295 510656
426109 650897
295228 151921
271148 186124
95436 112104
771867 647144
692247 234255
894503 784057
518866 745824
321345 965942
655301 935363
372084 469745
443027 37860
971351 222961
305013 268473
308948 946964
521674 810781
471984 284983
300463 167967
941131 431378
279190 251093
798361 368093
110035 53846
188456 691536
540171 932592
458296 574475
737870 888000
479373 778789
69215 838715
374138 242785
673180 831851
404427 802773
909757 269880
965424 974531
953637 627761
292555 958951
647684 27574
888547 633442
573340 661418
688132 472077
117783 9524
352741 317517
703146 809363
900100 899947
488269 472530
387114 123604
26348 111074
534525 980274
355683 574943
745123 722375
594328 641236
730082 669754
315492 965376
150336 475666
483929 551869
786676 894533
186313 340783
651475 463108
890172 210283
467126 739888
611825 713082
443020 310636
273927 638166
148 568561
309412 835419
805709 187512
57005 289632
551492 138271
287370 35686
673849 520522
390472 903086
158805 249969
904051 409767
206381 910892
39909 563461
761826 369472
871178 760781
165514 326551
814570 63875
623870 869259
894318 645839
792443 805464
556101 99212
624418 881981
298948 689347
689665 512301
608562 456596
591719 622123
447765 409846
792383 180840
693939 588036
631956 393052
821748 302034
435574 320537
874892 737068
786573 558595
684577 600295
481333 725396
448172 489207
420181 193352
490394 468658
713976 754216
143953 327474
670194 265716
338474 97348
215271 414741
561508 767849
96591 670622
798601 647704
542646 57279
906744 57396
820019 135761
961153 417469
154040 60283
557246 393469
517432 242665
213612 953202
346977 619269
435899 238784
69252 466285
909272 846030
284481 322965
932540 523409
175070 311905
56886 178901
25310 420013
723148 205419
723712 39565
871195 205641
333071 244363
83990 969308
995066 569683
27299 673649
274842 708478
540334 870168
357399 416381
843779 553525
719679 60808
936323 380622
583565 546883
333463 775753
411819 69989
332649 236439
337385 834910
479772 65125
828439 304107
496469 790976
889814 283175
914312 32486
709711 987399
402224 267487
308396 866114
265827 425718
169571 319802
729557 125776
760242 864094
508253 78302
594995 316932
266213 889184
373405 374935
169655 910535
494791 638755
145472 58519
791999 193618
514386 765771
575199 926439
355230 768098
986113 243473
745083 678255
680901 179354
353434 227183
698163 913778
101768 834936
650887 437353
506111 574902
852714 427422
997174 180976
68815 219038
968943 351560
8391 595531
600581 410770
671269 111706
950747 779934
717891 370632
884291 312416
771154 197012
358578 840583
821366 616623
569746 815859
219262 32255
780001 638324
360558 590495
613294 606932
618929 602730
946165 550872
169235 912855
830484 88581
320699 296514
287079 7430
625318 722376
717128 858254
426886 218743
479404 86962
395757 833625
214568 540804
440247 326845
661362 302886
672472 953184
951703 260696
374528 189391
721271 997930
384151 214320
349527 205873
200747 940856
723749 934360
355308 422497
503175 541636
509812 329356
486047 524954
590712 37826
732945 729594
694271 778294
789791 654818
355068 268022
475772 989502
72929 370005
48075 500611
891594 167144
254596 384493
435726 546302
