94858 210226
637798 136164
641355 987527
815579 920994
390254 71038
348522 309607
794183 897966
791504 922656
939577 147614
703958 279826
819996 952243
262566 654861
35103 180404
358900 236709
168644 224501
397546 425610
568238 581995
958519 214732
524192 878170
535494 917089
666498 661870
328311 162618
451552 355738
133053 157152
609157 226890
495181 118897
392817 822627
214764 309115
526674 828888
593534 8315
729492 592378
695869 543010
809518 953506
303827 658977
164744 784826
631874 351380
323327 47148
776186 523955
57887 501749
423954 752550
41098 448528
580509 172274
404649 2605
504206 605062
310942 340946
951702 254458
954423 502476
581857 712326
198350 711589
640417 526627
160957 686424
127977 227012
29586 565867
180411 148741
308035 205559
631117 960601
599774 817998
112295 339754
41569 697454
539268 133265
783962 409964
988409 756650
501883 595673
220518 249097
665367 907390
762029 35265
791719 645090
67386 117888
275278 680975
178650 112557
155134 804717
118315 803636
720688 918535
981295 788153
412897 202090
460150 238832
253216 12305
265786 388525
680744 226609
107122 785684
279443 388304
687401 41890
786127 893623
855196 468666
512690 158730
722145 761065
367921 497735
208257 414362
627109 750918
657602 888558
264917 811172
43692 654566
165812 219461
967483 679375
35314 792904
853713 148680
446259 962710
929083 856548
867782 98541
328345 473034
470334 559862
116608 13064
259781 966386
914473 509432
475260 278980
358872 703095
465072 904348
751313 820525
625098 567029
359251 483448
911847 388415
89249 107417
51268 659029
856283 409539
546959 611506
255085 368228
280975 324485
621453 689278
37387 908710
154924 931456
236532 584699
654177 418708
719965 795460
360219 771028
217397 326601
535898 831263
145053 360196
316675 973941
379905 980502
825043 184463
144856 937542
965407 273623
120996 875399
205219 443788
274669 246372
519649 95651
400251 942500
371335 48549
253092 66959
147226 730163
507235 882591
108623 883098
944917 448709
640493 463716
927724 885606
190734 494832
992407 835670
123656 52076
63945 354802
363449 867093
786140 576526
551189 855590
927014 11955
115159 587220
643958 798906
493554 6605
728568 762613
244929 383724
594872 395530
405823 946337
698111 908183
955547 433641
378488 541049
468364 505115
762853 300940
386483 107863
219641 54149
580769 774596
261593 109489
773431 788201
835074 944059
364413 285472
962019 721312
436353 696389
394726 309266
674957 218494
981953 415610
21359 499366
379468 948478
866691 694119
986128 700158
829908 124662
632384 128312
45694 105849
822105 716644
149616 297064
133071 596368
55112 859226
731252 231784
912624 565889
739134 857370
880680 215693
535081 443487
360448 364357
760752 223936
174303 715368
510864 248602
299607 444015
666570 498338
71890 130699
132530 877208
39335 21753
215616 81974
592227 274513
887339 679913
795012 110519
379443 374288
643673 308829
361494 232117
596929 612176
467313 285261
570214 915179
12011 733638
348088 265336
730697 381112
684017 715586
303740 344484
904772 906982
419578 635857
589121 17429
502970 981406
956786 911906
303413 13385
268895 162608
197915 865164
902636 635379
171174 36893
825576 682382
433839 379044
750003 807877
892245 713
996678 704004
858723 371176
260093 363141
242855 877257
98790 902189
8970 782778
225322 810303
895018 690402
681236 600430
840661 254843
963207 253270
528948 685515
795109 321575
567400 700807
354462 28320
680602 396257
390032 908294
789306 443416
224472 438322
805335 411967
21869 928392
811955 986079
634934 532177
195574 113619
260063 720822
874968 582584
616914 345437
852910 645172
401406 619563
598786 267820
570636 613895
622658 505018
12812 686712
486671 551217
478934 247278
510598 470282
998610 268251
354880 736339
775413 455705
534915 15761
819859 879186
324132 614467
870300 866685
462229 442842
642292 849499
883822 850568
159306 546504
928314 843505
588304 260084
337718 24258
893404 327741
244503 864447
851794 533994
415800 564825
265308 274157
911175 671904
839376 160327
737001 466676
319419 520647
451304 856149
949883 974914
145444 205703
92924 161504
662724 830642
191537 773674
359111 378748
576942 233636
658504 357575
546893 658508
394900 749978
79936 90180
34871 56283
717899 954857
997288 986171
973022 223371
80110 700844
753085 919644
747694 106544
191909 175869
848492 467843
991450 767436
823635 494345
120881 677359
400123 410050
452298 456749
729086 884234
364109 125989
843014 789581
596166 681743
34386 865246
276616 303720
346170 337047
355139 549273
307052 522345
607797 245859
454331 920926
741330 692323
203494 924827
36947 853629
202536 728104
771503 163537
866248 359053
715562 200655
107199 981954
653751 600189
793146 923309
196668 269394
488699 752141
1576 604316
533643 143520
763359 454963
673789 294664
484665 82249
148904 640405
786056 774714
408391 129626
872998 834888
976736 895419
198573 136814
256730 392182
723309 710794
931907 495191
551391 66082
98274 749575
988441 102840
196384 307899
361885 391857
371932 380868
608204 469781
579213 338556
546912 238748
427741 750825
542954 91796
484189 702813
610694 951762
889225 882658
579356 90104
365686 533398
475334 819894
443803 788294
903497 305644
93758 605589
192944 905682
914522 584101
954309 491116
725653 698834
200640 739175
843540 391269
772913 124244
344674 689953
971162 517977
357585 619397
348944 555769
9609 695245
246196 224079
637236 882996
446156 323025
937019 252937
602639 961248
100223 742757
646952 781209
51952 931893
503295 954524
324370 137031
665603 934986
675106 43767
530962 592487
366167 243232
75002 545819
643359 753356
563703 963805
232539 344054
35200 882672
574725 96793
264408 340261
75769 281623
751726 37562
574176 308693
112587 442324
466291 842659
110187 917978
771298 620798
775883 163297
161648 778000
842608 714943
809322 77269
730747 744108
432690 682565
289280 427317
210477 525075
941632 541939
513268 424135
41680 733287
465108 334316
481307 149859
221256 811484
645888 564182
229972 865213
721365 512171
366131 320686
712754 757274
598184 895483
591911 182431
845880 216665
11502 699089
21496 390514
83523 125911
362037 288923
822056 519829
530408 156785
345201 657197
581727 756674
875487 591652
287474 107495
175894 382229
812293 985111
380168 711887
230856 969908
40591 477587
668797 743910
853420 811336
887957 728808
525244 680292
592776 23294
390216 299048
960075 502215
397278 260411
80814 938707
564762 927464
831202 655786
487418 216765
413587 457858
43719 248894
969034 781103
899217 531486
380166 306135
155477 605298
210764 413524
268545 311409
157874 852813
691991 51330
568350 331874
829662 265573
815955 189986
815471 745141
465801 269512
159372 862801
176625 34566
999457 713888
664662 985007
503194 605788
119927 768515
539386 82141
495904 247148
882305 859227
879323 229582
892749 351184
149681 209015
968084 323750
587737 343211
975681 846666
770946 679741
484117 161850
149195 494955
794602 142383
711334 972880
637540 476481
18401 105123
169791 169583
972267 556087
764531 913469
650588 199823
413992 205360
644609 396857
736005 906910
353114 161920
498434 958704
470005 256116
124557 188742
814280 149447
851764 668171
616492 660352
326292 619942
120344 976850
892009 719631
379812 273761
823512 128732
82826 254561
265897 424563
546057 66681
131392 14811
906389 215074
652351 714138
552599 123859
844732 180587
63986 16486
240112 786270
977310 201785
323196 306910
337387 734198
17749 249755
946142 61780
5902 56000
568979 51170
46066 583271
544399 740562
346814 77277
892024 647053
916791 899500
134144 860022
247048 397766
258947 662400
851367 715948
379253 711752
65903 74944
465459 816479
87325 543992
393861 144082
761068 495812
461436 957791
662330 404160
44831 134396
427394 228401
679629 778442
548744 270747
74241 25704
311233 974849
513297 772133
487299 18173
944222 116022
157019 340422
100076 912832
52149 850025
546970 434177
175640 561873
164929 88722
630603 682119
245252 519639
676294 792389
246971 609262
926115 925323
402578 469277
895757 697418
453695 713256
287068 889807
773735 579425
54693 443392
236198 10935
926487 808250
718722 898590
994833 31329
266736 155264
797403 475632
512316 223879
99764 646022
717507 968845
62778 650871
302520 681675
723655 750206
402127 901683
679804 569479
244594 190245
933841 902488
263586 219337
603307 320659
70565 391225
987124 935178
504617 292710
662278 106791
329713 34455
479544 14268
384316 603823
388574 715396
34425 895360
19355 455217
683225 970675
538248 737991
701020 612328
942508 540349
171992 602193
719362 138268
411597 403486
770922 674414
376220 194500
778672 734485
27736 361988
132352 160514
286038 539742
485760 689091
691563 703496
309591 691112
459976 348066
945749 217061
905572 936148
709182 468886
435495 592088
233986 593464
359009 981945
631803 948213
826132 338823
839029 133078
56469 821724
446039 688393
192197 200228
671384 193624
853301 354927
547769 786747
954536 935009
892827 983027
833609 171763
312204 89128
398783 583879
661229 530183
713484 444786
526513 363513
269491 600804
392673 214089
663620 319833
885721 88316
790427 2248
17312 356480
83454 610799
1281 614185
432668 32885
869862 773897
533837 715513
884849 222655
696443 364351
417299 994674
807196 435029
540470 972297
478627 644241
616491 733117
350023 260514
283882 727016
780244 405323
820934 363433
990993 66438
131159 783470
208245 474342
686987 454157
608858 230383
925457 263725
14307 638775
862791 257232
122358 454614
713858 133028
807578 48738
514391 364114
430247 745331
745915 370061
513187 376970
385425 285047
255574 324686
579816 628697
194096 861087
791525 152284
509299 64273
730069 658919
284082 621583
605828 374993
718806 994502
523293 477243
412001 8770
503713 50057
775595 617466
920839 398420
348247 897074
223552 915086
155687 134705
754016 851071
67900 139873
659436 478661
803507 675883
915550 686389
670321 453499
273207 704801
797917 442027
372768 354572
114431 670316
315253 647825
938955 112802
782788 267833
694372 335351
913621 461617
943546 842735
540512 686319
713632 682183
251670 728136
578746 973345
786572 295236
426009 941029
944252 598275
453604 373592
328060 790222
687261 38758
420854 385328
115068 97603
88451 49280
469060 564575
613898 636053
3262 342137
837521 119091
454723 473190
924836 532403
552187 434037
538995 104953
599346 825480
523276 137968
156160 416782
144133 703086
153676 256984
18911 912705
889861 995412
494957 474602
241513 221972
134485 26757
77595 373484
929445 124441
645138 731320
18822 588374
592667 88730
625160 105361
489524 386947
382807 589243
598266 796202
632057 714004
811899 952892
621949 730263
477445 522107
812885 226919
800817 804791
183181 856663
510452 766655
623370 844891
362672 190986
418261 374444
982621 335939
269955 422467
240817 303071
1292 443883
568109 846688
172337 910902
998225 408174
842854 584561
743564 918683
891401 206528
84722 644154
786585 900948
225760 191030
907758 477293
563668 310490
395599 860824
147775 338995
522992 504488
200196 192284
370134 194652
99449 534400
299934 750892
242598 938643
12669 997608
326516 544423
717851 119231
416670 309384
650604 601652
389627 518893
499841 629791
81764 317729
27201 722429
789792 496403
388597 652474
948990 654516
710425 528833
42823 449130
389565 793819
47552 672417
611178 978538
131430 925133
378365 645611
888251 532330
261447 345592
871464 675741
362198 873990
212904 775779
547980 540054
744162 196727
879508 63521
349377 137380
116302 299023
872260 435790
705942 162146
695741 338379
621408 58229
227273 489337
392991 497778
598513 890226
515239 280033
970279 205556
907910 488248
370185 17616
349197 19921
574474 130736
906292 690268
161964 368311
562894 876739
996039 172540
516144 634270
634621 582615
414660 647419
443533 209125
680112 461532
822192 482245
39784 600590
60851 326937
18317 294491
706817 862721
136787 990703
869131 641948
209453 317758
844246 614361
558296 372343
675939 993935
471142 189821
74130 398639
759457 185352
782902 149756
795128 955494
458558 360170
121914 228674
597731 52167
260468 669242
222351 398746
84814 448369
667087 622920
161955 235213
981640 819927
981231 488635
70975 279648
858684 936698
880861 182858
113567 378804
849314 63412
344189 914327
561266 319813
435896 484539
265691 75905
547903 704014
549107 571147
108864 225146
698778 615899
640714 76176
429515 117063
917284 428023
19944 992139
214237 267875
123318 895696
913660 539786
55064 243150
895376 624047
802399 703653
850619 362063
85286 384613
21021 86876
587687 487325
842039 935495
833442 340358
107471 800252
822113 852945
380774 202093
738271 848441
18516 887661
551164 564471
483498 571539
340810 743011
799239 720833
163654 135360
195223 707336
378824 553443
255383 450122
560280 301927
466266 282055
338639 178995
710005 137338
244529 243008
167588 583839
15594 667595
202895 604237
158622 941691
208428 745918
890935 31816
261716 4390
776539 868060
615365 31107
666892 756079
946543 481082
875828 359771
238342 477049
706799 405413
295359 137006
986836 995182
698982 373191
802769 215603
584716 134865
645892 789427
925658 965447
586084 908825
808481 136257
233098 808352
3786 320828
627228 833895
633436 359875
854565 992883
636059 677394
743570 449384
124431 524481
64138 945403
944423 297280
574066 577514
513584 237324
670388 70612
774539 723222
850325 413807
858562 182197
269673 47462
366051 727943
950193 346403
622711 23533
782275 83660
603449 561013
571523 195174
326416 154538
656829 301855
711727 272310
563465 922898
564067 133879
486222 281700
324957 750349
360543 743287
415636 510305
622595 976948
148563 690578
324541 616187
341493 607382
212288 81185
446616 892569
113836 558193
337806 507579
152315 775924
713910 765309
955089 488498
706124 645869
973391 160707
604460 257438
70030 313402
981666 874068
635810 588031
284081 691172
568045 146444
72976 834629
368615 684804
696697 406402
613595 89667
431220 618512
458652 274326
972525 952330
470654 494489
452430 459651
210629 833391
151592 496838
