613 237
49 1186
1757 2775
1558 3658
631 2201
2288 4122
687 1382
2948 2684
3372 8679
4618 4396
7151 8502
10085 4531
2962 10910
3643 1155
7862 3585
3485 581
6940 7763
11643 14789
13236 142
17513 11781
186 17059
10142 5051
17938 6432
5667 22594
18183 7558
13384 24056
14581 22081
11554 10211
8288 17883
5131 29015
5031 2510
749 22068
20533 11333
22904 22221
4867 18657
4515 30306
16308 36616
32139 235
27398 7485
11624 37396
11567 38806
26568 5111
25546 27334
43336 5259
29606 3973
20134 1738
41463 20759
26945 22062
39550 19210
3960 30652
41841 15114
48034 26694
34521 52055
38808 41573
23816 44474
53584 33748
12738 11124
46692 48674
13462 40056
3596 12058
16077 17314
42452 40463
36319 34360
44728 13853
3043 2528
47697 38278
62374 14995
51626 57522
6512 9500
11882 4940
46194 14850
8545 40885
59425 43241
16194 70322
55528 41373
51646 27097
56030 35882
23641 31444
35087 20143
76919 24
52694 77763
74667 18903
38570 51361
23762 67122
41226 31092
28982 13497
3199 24539
54260 884
35996 33466
66045 80739
85401 90144
22824 48630
66436 25436
1223 35056
39647 79858
25401 22521
65045 65417
12294 56063
89725 3639
16303 67973
27730 30966
71319 62387
50109 67053
36645 77778
97108 8073
39796 31942
35285 10441
71727 2862
8634 106993
9624 3592
75486 70208
100844 48543
44479 107193
60207 108133
114642 34017
84671 64117
60467 80949
20692 76925
100138 79890
21756 115673
12838 87542
65705 90708
49767 57330
29295 58565
105364 108932
14257 14053
31004 66412
82425 51186
51823 69998
93313 19686
2141 27676
121454 71933
132208 25155
15695 80927
16105 116733
112526 131236
41807 124717
111098 55462
64175 12906
4745 100797
116702 129920
50959 75168
4723 31879
143872 131604
100489 97294
16404 89135
79471 74884
61384 20527
111388 107812
110229 75148
123561 58381
92565 133762
14031 73094
76694 138851
147665 64060
121256 148009
28914 29187
73779 109764
24936 19905
107532 104684
19849 158153
32071 142062
152354 38458
152240 126676
143151 25772
99408 27423
14719 161950
1409 167983
92057 152155
39759 28025
100566 145171
103977 74859
132790 151893
108286 172245
52284 91355
161605 54643
87550 125032
164618 63616
91723 22650
133603 26232
134450 85425
90304 66853
66088 177269
72899 157436
42068 8969
3848 4465
85745 36737
11239 40147
155992 38734
4363 72854
23294 19678
42323 20478
26603 59707
169621 55424
20904 14034
77000 55526
164537 113821
16285 117381
178373 176237
49795 36878
3029 146242
77916 136834
136721 151374
154252 182916
187758 199528
18931 31770
147417 1287
56299 14608
162658 118125
172305 72712
178339 76681
7378 188720
185798 144520
96831 15031
131664 103678
42771 44665
125285 119581
169937 127895
117128 149636
40870 120989
74811 52001
127111 1985
119597 42091
168705 14798
111688 189903
66216 115672
3833 92024
110719 138652
81411 92433
69564 78511
170118 140437
225222 90136
40875 45400
37393 67888
215885 214575
219449 177088
148364 205343
107993 14953
78985 208771
61613 137097
169172 191966
1485 216583
166518 68266
239461 130720
138739 154890
198234 105974
109848 69636
125522 66167
174961 168815
129292 59359
90706 232940
109273 182443
169308 145805
115132 100940
199997 20653
218763 207191
14803 86479
72251 149238
189684 111627
24221 125214
169698 103804
103619 197463
125123 101745
54534 249686
231420 252718
112514 200966
34139 77982
223469 11292
126818 15682
170354 159122
204559 66961
164024 76402
265133 193441
48099 111575
56344 216847
192223 46729
163345 269393
67690 192837
273590 189973
221353 244041
28936 18618
135998 154407
179827 74137
54755 233887
196484 112923
165006 279962
40858 23645
163691 188465
196857 168380
73717 92923
283020 141310
149264 115627
75016 117906
263940 151104
283012 248579
123677 208636
88092 142815
62196 112375
68490 140648
146120 20555
54068 286293
286379 137188
182664 263038
199440 153076
216190 11994
128008 127723
48624 222845
105056 237816
11117 239387
30421 21182
152920 285116
199572 141484
265467 12057
130099 5201
212540 96122
65324 305412
63468 60261
173477 185897
72822 34260
294877 56962
76164 73264
280939 92728
256941 2690
246549 96580
97673 305565
289288 311472
201668 217921
239454 258127
203929 176638
115622 159094
284880 201115
38096 30404
202188 171391
190863 168537
149695 98130
164401 207161
24012 48874
177515 4163
243185 261262
57932 132108
32069 153959
23942 43620
328072 274244
7537 157848
247264 48360
105715 147627
29159 134428
52294 273690
87524 57154
8026 155175
113339 18601
163307 102278
204388 225511
17813 255887
160376 301240
138872 275255
14069 341659
281289 136952
107279 275875
25531 234098
94838 31666
237254 333286
124036 329043
104194 306262
335982 198870
337041 319744
205668 149090
268096 271990
256448 212178
342320 113469
175181 328566
8720 308140
79845 355703
176197 254465
171495 222981
225238 130002
373294 275839
50523 103628
30701 372370
259508 131796
5969 152564
158943 340338
102114 23336
184767 49972
174434 154688
85598 146934
256581 137948
18740 210861
153418 298837
366949 384655
276927 161570
76876 96784
253936 252235
281617 115697
360740 210966
201462 51956
354121 171040
351976 367144
318295 275647
338818 203384
162366 226728
73482 18968
15978 216366
19512 219800
141195 70838
240251 55451
39346 375670
317998 13493
307359 271003
156131 300413
189084 180975
358501 90537
82445 112685
130192 403144
397421 88402
357113 395860
15630 206604
394973 6088
327527 14209
71927 187214
31001 349025
361583 295435
293345 308633
113695 400821
423408 239135
247841 386492
114312 376044
425572 245818
88397 219433
170235 127634
55707 48731
297338 11009
89219 358780
344195 191067
170442 254799
349454 40946
392191 327037
156224 20882
286993 229991
133117 118217
250692 95460
147143 294870
299606 292269
412594 218155
29153 258942
92965 6881
215588 195579
47315 74
256259 7632
401341 134898
389476 26249
30577 18303
326350 180593
7913 253073
156535 213961
405586 383930
367289 441098
96514 124091
407323 74276
140468 261130
71267 387205
426520 334129
7052 126557
462152 228770
184343 270310
116571 434969
215609 276536
177114 391836
325363 323641
447500 332483
5754 441649
194605 321714
303252 30877
209278 151593
346481 423675
401017 81180
436218 286824
134753 173994
319502 368944
98289 426823
100166 8487
461434 270117
310344 109892
393782 433148
478776 337098
371566 134115
366994 474184
79132 194033
48297 473187
356029 196547
478022 425952
216400 354261
81536 139718
187825 26531
108224 419490
213192 311823
483081 431030
29299 398054
379419 490038
141733 319446
230503 449926
295280 304443
226958 476041
165622 240954
157965 330628
315150 280882
213388 314351
439303 11833
4280 78255
312533 166946
213326 367232
377219 136338
175119 3735
472618 62805
2822 208123
420991 479885
43367 274502
230530 36369
501689 95626
287202 423042
439494 37442
411882 92735
3193 227102
494465 55458
341520 109829
260555 238007
362050 115814
436494 388146
487820 191468
450562 26788
477999 226924
127292 40377
379285 144710
48140 6447
28462 365983
298995 245641
196425 287593
244379 337720
429326 506845
445752 280564
354083 245861
67725 44744
400189 152937
14585 96880
500402 36833
541666 314942
151759 231772
305390 403605
451919 55688
61508 166495
201455 92125
300704 31512
349119 58214
461464 92613
359918 296973
323770 365772
137864 7567
452754 143192
502732 258752
487350 130178
26395 66672
239872 367438
548077 325767
87468 364322
508623 452126
452539 344452
70228 110991
488581 101153
550032 568501
518439 491040
456842 477287
204659 400408
235747 244226
371801 223710
291884 456334
136350 361434
188544 454011
186308 230895
98503 347943
141235 72595
64818 372477
161852 35311
266908 93739
300195 142116
277375 532093
28146 506279
278098 456208
355386 333050
466183 528484
398358 202687
178851 348217
70349 382677
158115 129301
578268 156503
364205 127835
409882 66314
349482 527352
58903 54862
262047 77396
525834 587231
368113 251503
449132 189105
52548 30664
189887 481230
552520 134025
129743 148386
174089 141938
367309 191429
359721 357549
357160 406413
393344 285333
437535 189548
605178 483535
43974 526987
607085 126852
47094 451863
300284 512954
241160 518829
116477 597022
512262 407408
146629 50013
435715 110585
329833 467915
184644 480233
415143 583220
461129 350610
259321 305714
573914 569786
416444 242891
432508 190396
119647 351633
108270 147665
463186 556602
461217 519444
200746 442543
456590 314325
432507 281493
359692 489192
346065 515651
11554 140291
35772 286774
519242 600191
297297 336864
330913 554087
642603 8755
279143 346419
263648 597942
558235 262096
154471 396134
218585 433433
609017 351623
407949 50807
553100 442694
538583 288649
443920 429614
545750 82029
472567 383330
247897 19529
434149 491051
76911 2374
573983 353244
151135 225894
29326 151349
381668 471824
29748 106166
409827 619141
542031 211744
17133 429333
144581 513157
581184 514440
69471 599279
19127 636806
361300 478470
287924 304074
529316 207778
442477 641904
285862 270771
270981 405626
402093 121297
112138 334190
83276 414474
131213 7439
332723 169745
477822 89117
536825 384000
620036 500235
136317 249320
436873 55553
103379 308438
365635 175686
401526 510181
122959 676142
222274 232788
14497 39122
306615 416594
493255 459662
301873 440869
461016 657806
554627 121916
335653 232216
197614 629389
432644 98611
479710 180158
505805 53844
350265 2482
580067 652662
260299 530945
527417 319712
323935 511373
420864 594469
583904 11930
163466 513980
321307 591522
240191 20827
633592 710714
20763 687827
54678 506858
528053 334807
403061 551244
146568 512189
209879 702583
523454 85244
160637 292093
456429 310194
334664 361364
74640 233153
591862 124665
108266 53385
187172 468554
52295 372935
456223 682194
353236 21959
151163 222451
143696 331404
685793 151672
626644 693571
414980 132182
519091 120523
520796 583899
389793 549218
460089 560741
633369 359509
646871 106972
384110 24408
235329 137355
495153 63239
515341 496646
719447 464283
634577 74962
449011 573420
407022 700426
638065 661862
441164 255847
377623 290536
264776 301210
362917 590169
621591 129144
358676 558854
650251 232245
215297 322369
649746 593585
507799 226266
378999 210714
172989 352013
600937 40656
651193 287242
755238 559097
764753 618065
507359 592978
478585 340670
53462 279080
99134 635235
199227 97325
153318 8526
184381 595460
551360 16107
201994 383421
196636 61047
367699 693487
3934 700623
597455 771074
400404 192559
346929 542441
332721 169271
351624 765232
8033 424800
349888 480596
59820 199907
617951 650137
76789 705738
425889 726749
593058 209620
662303 98894
32286 600222
713872 231697
359900 771036
519405 17835
112915 707232
459270 129148
363854 507136
493576 533242
85127 252181
714637 785118
577067 242261
199746 88978
366619 423569
805897 405605
805889 278809
27544 635586
478595 628914
756148 588340
115264 437103
220852 783936
536503 233693
290787 669248
367500 689591
252747 618893
412570 508649
527670 53890
41774 472273
691758 530943
72085 444532
215516 662489
515210 113302
332867 793312
14450 643607
749529 794907
759072 731310
758871 808381
354861 54658
581497 401342
685695 583708
746830 83884
487141 424320
638034 387952
29281 368743
102320 176049
775256 243927
503577 329568
538678 77801
432725 358909
533827 79245
546552 759461
392462 514252
153528 332959
64634 329656
73907 279816
829329 402002
417899 311774
12148 283651
96623 470807
38013 163444
36041 550176
739997 8682
310262 658631
830455 826793
757643 170710
487120 609906
147289 510061
405112 119972
429969 121820
451170 816348
676772 629140
354060 377782
439606 189478
732604 324304
137759 625318
152318 509588
217281 103604
60258 361501
766065 655341
97189 644029
81629 814845
533472 310023
398794 742704
436700 277187
42828 331619
450375 201409
338432 298680
37101 253560
109338 778219
850850 560529
572166 743925
388696 434256
497799 517332
122858 573467
476140 824562
549282 132062
314002 536520
106742 770558
689171 542853
17159 697169
690116 85844
486049 696452
457962 609806
626963 499676
325692 506246
380923 836200
829416 327655
601508 675859
730380 319159
584693 578284
667672 747195
291360 619631
343262 649960
128879 850793
329915 173767
673426 400989
196149 189754
759160 821158
191286 169874
372939 438082
894629 790131
854584 772900
292533 740926
447729 78787
286349 843077
798214 881235
435667 248510
894352 243741
779678 833470
155407 511588
317836 754845
513314 847165
636594 581176
839167 476970
59041 515928
405592 285991
717417 642238
258607 821913
275631 89121
77420 723489
363512 69809
141387 134012
314295 236467
535705 751587
834918 344348
722736 922434
334804 460170
161064 370157
393733 636406
938425 671845
373855 134857
847837 771950
777568 723990
31548 389252
594205 292871
659171 445258
855432 235198
677347 757130
245985 435725
165404 204427
126073 901860
122223 156374
528085 134331
424973 151507
67820 210837
16977 883018
145799 634349
75712 604245
340820 60281
449874 275533
330874 231935
113351 545210
500024 286208
780461 466041
610672 120246
525441 691609
625808 137154
655949 154722
221186 157409
245629 782826
596252 580191
972774 864794
947359 348558
761196 576068
127491 921912
437939 843380
6340 355055
747247 24050
214755 832238
10685 38735
970471 911548
826253 801161
917117 278734
873626 483785
447957 927275
12259 632268
653643 9537
557411 380322
337746 870208
99974 598302
70251 820093
517830 692726
879365 736419
323608 86801
56791 960235
513288 646163
882452 941052
748056 666806
