547564 926827
247003 306510
739802 317643
611841 813681
574710 795734
347938 496880
420037 145912
642177 219178
157500 801756
843911 682914
270342 857809
535701 997241
556311 974123
352898 500161
254689 575785
363782 329761
811655 44096
383906 763114
408568 163521
895626 306780
624942 870521
774191 790751
667724 988671
353909 995139
368807 90083
902683 847301
13694 745104
905296 77386
425162 677087
346742 301342
825163 866315
938735 294901
303719 104970
3746 828368
309878 176321
893768 293724
711677 684938
511186 982626
242233 209874
543791 304934
242720 62959
103820 27444
158377 425426
71621 4794
930182 158212
78693 541746
428786 310453
858804 606349
12935 672971
550196 812752
519615 606378
53797 305106
563696 446099
33322 106391
290575 418161
582469 577396
127673 746050
936733 912965
138778 591595
48746 84471
64469 932152
929110 832333
41733 986280
317716 369083
399787 128909
426548 868327
617608 589359
842556 243886
830852 692473
156673 118611
805054 503211
491560 422858
828102 450500
214660 141346
922917 63727
76477 579991
436774 977442
961076 648601
391967 564179
895146 711217
205265 72722
51770 669534
994689 995083
436482 860650
769543 829082
392176 154028
426718 293515
121963 365928
153757 936514
102290 417060
906285 99122
660314 512153
499365 917138
935972 286382
584088 919698
616876 931496
481538 47817
313760 314322
681608 804888
947462 290909
99196 823443
261905 318723
925911 264167
929229 109973
71091 988343
202842 923965
335007 28414
147113 422138
933883 987895
724293 903497
487438 411101
756715 79001
181049 393156
865451 602076
803326 770152
424529 989251
840234 660746
379643 104650
194516 931647
776825 980675
158019 968462
855826 360437
765928 333227
706025 55589
924873 180891
195428 340141
820561 995917
873434 832006
898312 882992
202209 512248
439758 410769
198748 357873
464880 46426
853339 966264
474078 579686
205106 416992
619632 906197
78470 972533
816116 854163
533753 906110
725563 869598
362008 245423
102909 66009
250547 630824
784451 611045
98287 818837
490236 58079
918990 465063
991463 48316
671956 938651
562180 604037
218638 284353
622011 723303
92829 413427
892279 98591
596288 971036
961387 315833
397356 511955
27278 398754
382395 78933
495034 968990
767115 214868
912513 858711
465287 181161
494248 894615
861188 781601
600558 928631
402634 881391
717627 853774
976 289727
515828 763736
361478 686422
602065 727040
290789 967277
327492 67721
255518 724215
659410 588875
310990 200630
308476 378654
241934 490545
966562 255481
246625 743754
544887 628869
654441 964266
262904 355994
332430 538779
93739 77348
849346 711160
55976 210672
882118 785672
446000 765060
718323 763843
460764 579485
581113 500711
104611 329918
907096 444426
914624 979422
965149 796981
586287 567402
370840 429733
113532 354794
144169 503967
861335 123297
41190 489836
703494 579941
485068 400809
45093 218173
306136 262146
907108 128121
16773 981426
204617 521538
979783 927009
195909 980682
813854 122473
920306 31189
597826 641419
329998 77998
507831 663881
795408 918456
960005 465699
189963 302711
65351 376681
561787 4234
139958 513430
744212 335099
255863 421512
524032 266504
159223 531339
999094 395271
950278 462911
312596 154146
330981 122284
719086 25666
645951 554999
461845 184853
875363 708832
558837 112525
51953 530222
481154 829450
702400 666392
96951 276625
151183 491590
527683 844499
177923 394348
310497 15744
359101 620013
674122 16473
452718 538041
454835 671651
42930 849747
154598 580515
523810 584057
875379 373071
635139 431639
689070 757122
101906 247417
35545 492921
18471 256030
663619 699766
861738 65333
131886 765151
52357 402776
389065 181733
303398 121499
428398 72440
126181 440390
296679 60314
6039 646144
838872 370088
552555 195592
652986 101891
267793 305797
280896 42010
617261 715719
729037 934436
611124 368866
229425 112434
742765 287763
980285 888865
85742 185059
440635 713997
409452 208147
735354 791241
213564 116430
979642 801287
803690 496898
905149 265119
51202 42730
683686 982955
843482 631120
667653 648260
191082 933219
170250 390267
612829 671017
493459 709920
752743 224898
974302 542204
896232 749519
930570 105959
894237 75242
857855 831154
843029 98989
258506 513821
590187 51805
151948 235495
123315 601971
158467 870512
609377 989866
909842 919975
628818 351462
927418 637573
145344 608430
46378 165494
191469 62796
262105 817577
957487 757408
457885 586970
425471 278505
277920 692400
556206 711583
140005 562392
963214 963082
56820 13318
635140 98622
472722 382987
547167 356614
997015 854815
628911 566575
967643 116112
907921 280685
260562 822375
148307 907010
755916 519871
128013 283071
715753 459795
464911 149995
242213 851746
286497 17724
624894 419722
816367 422585
711383 725808
673657 391397
346721 776982
427831 517399
126826 839805
426756 923540
168145 212038
496249 806516
786803 66218
180266 620602
873394 599740
486750 555784
810360 931907
99737 476184
32412 934827
896365 225887
700695 656874
199410 101733
205129 713068
956010 629354
452554 160488
404983 151363
101548 209407
298960 411568
90256 452282
758039 882518
834992 556808
779468 479124
25486 595634
947997 286316
749212 625183
449138 799524
261667 138314
289680 52480
472945 352994
525901 105371
36382 840845
300830 632103
741151 580886
28101 701590
278857 458629
403446 296073
646278 761098
821083 410198
412443 356714
356166 114662
392233 261317
850824 382308
303401 946947
878708 696304
430958 400848
181146 99567
143063 353547
647207 379198
747867 947492
382647 138691
636985 527502
32553 595958
148568 536873
271984 862352
638813 229750
636123 420729
606622 418006
968088 137515
930582 281027
903964 100438
424210 38271
64301 467589
457566 392078
391805 402364
606461 472197
508707 804792
856078 138061
963656 306653
68888 863575
982632 668192
922154 674146
704834 894130
635698 63951
46144 161674
676213 946357
214199 440295
890907 678821
846005 23690
948417 405259
381353 732006
667507 518810
847006 959999
97302 310701
332768 24598
232468 521433
493254 434570
329003 8653
274695 237977
4056 745409
277258 240051
76362 331683
300577 956207
60200 676750
654299 971891
423864 742845
575405 424816
152929 465840
485065 111734
646503 26695
986505 438511
792987 685807
875059 746778
342497 788296
769135 267779
683600 285349
442420 264131
259710 391323
698888 439979
577797 228225
95399 982391
488469 559280
119527 530069
604221 845992
301205 821654
440988 118715
175905 754813
774506 580055
151957 821900
890004 920089
831969 480287
174165 390097
107192 314949
962676 81318
785347 108125
801958 170876
678865 789826
599531 408352
779763 495579
99704 172656
888607 638916
594491 114853
337822 833861
957721 514674
28467 143998
744179 85865
197154 584062
698859 51847
607313 241696
893304 734133
596776 538518
745897 922274
145090 500800
915047 438035
458667 166871
617499 972184
513448 638906
102304 811446
546823 478575
197814 913910
336790 909833
574331 304386
924913 955937
598337 106674
420922 552297
764624 195531
235417 712261
625038 574615
618589 21776
223987 401347
264472 487387
339404 356283
674025 450572
866049 550237
451709 514291
434440 586351
147055 988157
45299 927213
572867 105139
39449 473890
504488 395230
492060 875547
927201 819283
105447 581919
119811 42648
636336 755703
812281 18705
744658 473965
966155 136327
339966 168129
476437 788634
954492 81621
546523 585714
433347 290328
819013 555867
573817 117830
296743 428086
917987 746648
742960 148434
364603 988809
878291 471198
269359 491509
862436 557207
562558 945916
493559 112489
653460 381320
571333 978200
552276 312094
752100 760429
539812 24432
750685 408675
804777 150155
805965 88854
309382 529494
995657 375612
220426 733596
827296 696726
512591 982677
300968 114802
454733 980885
956948 283003
805370 324043
655265 386807
579144 223382
315905 379977
710333 122268
186088 362406
237568 34914
590294 827268
384861 434339
727089 927764
92546 561241
482945 614355
276291 686196
603717 427182
570704 620753
718792 355210
923763 81261
250359 778140
706461 958269
435819 111868
882236 307665
200191 400684
372320 527250
712704 871892
125237 27874
501782 668681
790839 220992
576721 23643
564581 2843
834146 402556
762180 438547
265157 448885
663060 554957
602377 23961
226742 59000
504520 888506
765540 641835
228956 414151
220196 255038
663458 918161
28277 186725
970793 91557
368896 654599
68757 863987
819301 664587
677216 743885
225572 281337
430388 548650
291269 617275
329046 975084
99067 654912
544586 131536
899538 545847
347594 563601
481542 151559
890401 75443
821773 439961
353020 974665
979453 892099
873315 812825
335236 184022
616347 957901
498959 815206
800862 245584
945247 931897
303935 254659
181188 4716
677024 377662
818564 416819
185313 177249
57556 969899
833930 46579
617437 826622
150295 179665
189398 874117
763205 628034
710187 716663
53559 217207
834802 333352
362395 362059
771557 42404
388528 926602
803768 285359
293447 612979
895889 623608
556858 314359
377357 624898
126224 557503
197255 261426
885756 195041
294195 771362
226552 789930
233527 484130
266940 578751
727166 869353
257469 904771
40230 634044
411782 431508
590624 242885
313936 169575
994946 380973
595342 830859
9770 337706
848453 471663
504418 438236
578014 333992
706405 490751
154673 803935
914471 424155
457096 717834
69839 583971
933271 239199
712109 906308
166480 942051
10546 142336
793118 215710
603410 919132
905524 104873
845058 168163
954056 786638
921637 977241
653509 269675
152449 293305
774746 73139
250954 24438
263819 651278
67432 330248
6924 218195
855262 332422
361263 59324
643215 45770
266918 961686
665555 225480
255695 557709
183924 678143
452790 39733
121474 193702
414791 228496
175980 18836
665375 521984
223662 882456
645376 936954
425176 253437
918833 717886
577864 481953
234276 39641
879780 483447
8342 998445
978581 349217
185804 560292
520188 490743
362509 977178
608963 100426
242691 589359
917150 69202
64406 826693
10387 350812
127634 142888
322573 597662
546788 824481
519275 615104
851032 33351
857752 986183
553556 989763
392116 21471
432653 782471
773551 490366
28432 890420
322827 506099
929148 960488
708003 861886
90563 556289
565866 861120
433846 420774
137136 196418
332498 805945
695230 202572
497784 130604
875979 229000
951749 216206
659262 699507
779104 578446
33070 966038
655387 121680
975978 157952
75224 879996
338755 175514
407326 688782
583188 867411
559904 820256
474864 435302
549962 339618
14422 772253
987953 960008
978473 371234
182115 198603
736472 809897
255437 575299
427493 491653
623731 980184
313123 545295
2364 411485
961698 90290
656687 404969
194957 927779
426996 536421
633893 249357
868692 627033
635216 486255
543403 938343
13368 259250
699448 224585
558249 384761
83022 226485
885568 895006
78163 813177
903499 779942
187771 663090
898030 113508
387492 716772
412436 915035
341831 647377
309827 524912
680205 160800
23375 28433
713032 423450
318224 957967
380418 516305
279631 478732
788536 959176
733012 358738
914169 2677
73486 513515
855950 548312
118689 620067
902421 80965
599000 616591
204923 443886
823871 426619
328891 935058
793958 930302
430603 504249
463210 298849
192483 317999
712405 70457
52810 35385
916233 723409
768724 258312
605031 956122
67690 772349
710160 789914
830648 285553
65708 590408
908111 864255
644947 894454
639771 309686
627528 52516
210823 12024
455866 771813
881872 110291
193963 123791
201718 739706
782251 957720
574842 259645
223152 478003
742250 674300
869186 608666
689657 731183
273420 926607
685430 22017
972464 824272
906744 509932
781900 491624
217236 773595
502762 311969
235526 565847
28755 731102
488165 967378
575871 57121
481637 657897
877459 406756
976623 640805
16107 984242
892800 252372
188062 730061
192816 584759
723255 814296
589437 762882
252130 521259
992586 431594
41119 720387
727391 733559
511511 128232
224247 948094
52924 846034
116325 641709
672884 964945
613148 633799
457837 989571
570799 554073
40628 385964
791792 762385
760899 811930
854751 701314
11407 941929
9249 156488
147817 959319
678798 810423
338813 573371
489534 529314
987854 759223
181482 194466
274564 101236
450656 226175
89261 645114
80067 482183
948064 157575
212038 67935
560044 92590
901954 340490
654132 117674
820705 624673
760776 458270
565762 734807
862368 515404
847149 736752
754503 448179
658586 335327
294970 916713
731527 919661
898443 911919
327180 414040
443633 250644
455657 461479
719946 405623
336072 448988
736753 409089
725845 286201
36785 501681
95466 144295
283739 418557
691607 615507
416729 954916
860923 748602
523168 851194
831093 246415
585442 86544
525570 840205
655547 150428
707095 107431
106268 985700
747044 867933
492182 281559
969632 277177
463033 424967
374809 520801
701034 813750
342525 754630
738566 567678
366374 198406
705300 684290
634566 360014
985302 400761
719227 798412
629837 899912
284621 842775
642213 947293
281940 181681
722187 912743
279746 620152
452186 86594
952743 975368
338168 142218
646332 811374
340329 509424
914413 793225
479785 314275
665567 44266
327882 428111
744157 167179
951115 837279
694247 342709
452857 200823
872812 455660
257353 716899
311693 394937
71734 3527
919209 34397
176702 643474
604715 697761
120659 467820
984892 527566
603068 803587
435576 999977
580181 758324
729767 632197
968912 309061
739997 128657
504286 892038
517097 95291
221158 701434
395957 317321
794148 357124
685499 950635
60726 157169
510947 204521
544110 202287
822488 33228
311164 282443
781687 523805
148537 476096
470900 907851
668000 865435
716317 207782
337871 404945
297972 791900
18732 298339
922151 326734
819664 757880
478466 609289
403777 58352
70259 386944
352430 144228
141716 365417
958208 631621
32771 182067
85269 311131
807130 756314
292379 208461
662814 855928
326662 215739
810200 809754
885928 113934
838646 894821
489157 706334
126960 500947
827175 762496
909752 14456
356496 492656
93675 311579
149019 637658
270405 988720
970762 830277
251306 39321
129164 131245
168535 520345
623603 252694
997615 879150
701313 472909
597418 178347
358099 919259
171806 180942
753380 718962
999296 111094
278105 353280
992910 112079
761981 795412
815650 617885
265316 211281
482374 57558
634539 203392
75002 570966
645358 552261
607234 836623
437595 607146
340968 614039
966785 638371
236582 233897
807600 755608
773405 749874
177332 676004
663965 243552
441337 154216
399379 949451
371088 472307
504956 333508
427062 249
486810 694985
88038 736220
629915 662600
913036 677566
320361 698969
751742 802275
601965 896211
207530 856207
300083 319981
814070 450419
713077 212322
743795 28194
772408 343395
80310 529169
326019 923942
844271 689483
587996 278937
159662 608927
629081 833285
820107 199559
228125 387333
317004 955223
622392 72981
760236 865695
251257 542444
218944 463016
233572 711458
60429 821661
400188 162879
541020 69289
361956 409472
807673 917370
742395 319309
166217 142426
887195 368418
789323 195215
546230 744719
843022 831804
453873 79252
424847 370478
782892 987523
332417 528408
706493 788499
88026 49985
769507 391887
316892 756320
829724 21465
592048 911021
752704 389161
669519 619432
620590 221429
429303 237698
113179 333660
61263 365100
929760 119082
367406 104875
292428 554362
767211 750587
961438 290485
33006 605164
75461 404710
798775 315042
936935 279717
176766 650750
121217 358509
944209 54541
853209 68482
745178 307359
612216 751723
250674 511388
121640 484529
525016 146670
385402 424937
643013 296742
851385 232090
311682 704542
634552 561260
126033 126641
908099 923518
801162 535864
19541 859117
148353 837681
296422 697312
820921 498257
313386 946086
742771 848965
320549 935111
228879 602332
597675 562182
718472 991149
145446 899196
448245 162971
561671 38740
116444 518170
925579 75306
369273 48852
418707 267171
966258 520980
517881 642450
970927 842404
932770 944334
488445 707011
371493 81852
50023 249829
465660 112890
194402 707062
461722 229151
8679 86034
276169 897743
710215 738437
250792 990616
998722 309244
946870 811880
556824 77026
654307 176507
348869 442564
144498 181090
274462 352561
278974 867123
621081 815323
191080 240934
187062 826476
667374 562803
858687 446764
348537 206956
337801 293099
671824 949830
314429 251118
524660 625152
221766 280545
65812 311050
475274 849065
976531 514159
814429 91961
616726 253947
353548 46974
735284 191834
198916 894582
587371 802238
659643 878610
548907 436584
278351 890352
788024 32151
843773 977613
860112 918849
37684 280256
622526 819403
289180 510520
849597 4738
525057 178230
499991 539693
250724 233170
827712 353278
924521 60888
500127 279610
566568 550271
159079 478359
469293 677883
660371 484542
79541 541916
257993 354994
845238 298806
418671 964254
491141 944972
112049 736496
144048 997913
174609 969348
973325 83590
417905 779491
732769 872092
635884 99972
204155 113562
71115 952128
805148 17806
707755 578012
254604 305923
547375 88826
346234 783391
590945 466985
442122 543455
33261 382603
952216 762760
999231 314285
627398 885926
398692 57213
982863 514770
855167 214718
337421 290098
112670 565865
464682 253476
851776 543903
111306 7601
535837 434911
768041 288865
631856 658631
625340 798171
208029 246154
549651 63722
308489 747519
869665 679976
556437 521971
369566 188461
600673 469535
451001 553501
796366 732811
720594 65460
655655 625502
782325 402988
267394 627927
731941 963865
184970 921582
799570 731514
385963 980258
466319 541188
767805 63374
625972 294981
93131 523950
273660 141172
248049 524536
24902 705354
835873 315756
189540 169662
147408 400371
800733 325332
701588 878602
443735 622027
872306 560812
790875 494059
416045 819377
741427 810000
194526 716714
926311 932220
465220 199767
990064 724988
183787 487366
639299 248739
899922 640346
633847 187936
827871 663339
246366 438460
441135 554024
110806 13133
457359 585105
138791 445807
483166 920076
140075 857873
361347 152619
912785 316257
778507 480087
440604 105087
191564 56440
10754 428447
175642 368170
587176 25707
977715 214878
760170 182860
710660 898986
589581 853176
100111 956421
622103 549807
969336 558635
644207 613463
285044 854019
773409 869225
573488 470094
14429 107848
489701 423133
288079 303163
660705 414750
88821 161986
601318 848116
680844 839126
383219 797657
789756 363500
941073 755653
252113 217671
125923 746361
968728 4738
799805 453380
46562 720619
943060 649905
56518 903349
965270 226229
547900 149191
574596 867802
376686 429093
294141 351530
928950 182460
177467 119103
288880 744029
423388 140685
174878 335480
92295 907648
177915 376497
551892 59189
745186 51859
532815 196779
218053 645370
783606 301440
380123 194802
766518 46241
756733 231192
481604 282078
633967 404342
