1 10
100 200
201 210
900 1000
74116 75633
10955 12812
58116 59687
76326 76556
53118 54387
1937 3641
23281 24594
41611 42703
2376 2581
67239 68706
74973 74993
31921 32343
55040 55488
78103 78372
23791 25206
15580 16457
93421 95220
27850 28040
41306 42204
583 901
55555 56065
8040 8139
3039 3978
52296 53630
33330 34085
90385 92272
39140 39817
48175 49358
92936 93205
76017 76658
46699 46776
54356 55046
31253 32163
31283 31702
91085 91561
56534 57907
32642 33659
35817 37746
35888 35949
41387 42782
38327 39705
65133 66498
89889 91134
97887 99333
9177 10527
19616 21098
85164 86761
97922 97970
75971 77048
91371 92446
68632 68989
79742 81231
78368 78645
95397 96443
1616 2721
85598 87384
36134 37348
36655 36843
32214 32394
7230 8844
66131 67953
36848 37805
42852 44366
79751 80819
64244 64538
82319 83666
98974 100953
68660 70347
38106 39863
61901 63505
74348 75475
83620 85492
11701 13476
54736 56181
22318 22976
39444 40792
38491 39273
7366 8130
6174 7305
55981 56551
67500 68885
53279 54498
10234 11709
6484 6519
27487 27544
61357 61378
82325 82530
49683 49769
37557 38580
20023 20833
86541 86895
65694 66449
40966 41523
12476 14137
49766 50101
1005 2851
16507 17921
9834 11354
1992 2451
83407 83659
2666 4017
47678 49491
80134 80233
28249 29000
20965 21374
26031 27590
24191 26034
29382 29861
16834 18396
73895 74371
69804 71622
71085 72719
66231 67884
32399 34155
72596 73737
57870 59449
99975 100269
69320 70812
61827 61901
46515 48284
26102 28034
16287 16833
39063 39688
13173 13425
78496 79762
74295 74443
39492 41062
52309 53502
71625 72537
9817 10549
95774 97499
35687 36645
20113 20400
44770 45260
11927 12286
45318 46448
30346 31465
64331 66054
28875 29740
33281 34241
94859 95215
62857 64450
85171 85954
86609 87050
22500 23927
98678 98949
95726 97398
67747 68775
13630 14170
59003 60678
40339 41790
60965 60998
63085 63856
8499 10392
95915 96015
1382 2635
25717 25815
32207 33897
27681 29234
25055 26264
93385 93978
99659 101254
93196 95186
14342 16174
69845 71437
82831 84504
60020 60084
9992 11213
12412 13494
55438 57205
77372 78441
82288 82441
42449 43490
2312 3563
85634 85700
71542 73442
20412 21966
62349 63472
55598 56584
126 1264
24494 24914
7847 9178
79547 81074
46503 48040
44523 46140
40043 41899
52415 53644
14249 14578
60839 61180
14376 14854
46340 48307
28426 29997
5141 6603
50992 52246
73194 74825
13271 15099
52412 53024
35059 35737
53426 53525
39878 41434
136746 137790
178281 178660
153832 153853
120201 120652
181535 183158
139223 139924
102672 103463
128759 130594
139612 140011
173233 174122
145720 145811
176915 178383
190732 191396
152886 154846
129853 131552
191446 192612
110981 112188
190042 191402
197720 197927
136666 137460
138726 138793
182206 183797
136273 137296
117833 119431
103904 105817
197362 197876
197215 198829
199764 200568
103826 104299
125470 126266
180221 180997
144815 146676
174713 176314
169894 170368
121702 123017
184074 184166
144371 144932
146468 146653
169234 170981
109985 111970
161528 161919
103414 104854
159882 159971
105339 106451
111772 112720
149809 150601
185585 185807
153713 154140
156313 156550
174293 174797
129347 131244
191699 192523
160618 162331
199559 200801
152995 153811
146026 147605
108598 109826
155183 156990
167648 169615
163868 164129
103916 105189
171335 172796
185634 186276
134812 136085
115058 116196
119441 120757
189370 190546
150242 151587
190985 191051
114021 115840
180826 182636
173561 175193
118116 118180
188961 190098
169106 169750
145971 146094
181414 182197
173691 173807
176759 176849
122531 123015
101876 101914
172513 173941
135381 135853
169812 170320
149802 150545
134513 134604
131132 131859
125419 125521
184204 184492
142131 143715
153549 154130
154260 155690
132250 132613
154988 155624
122289 122555
136285 137481
110521 111331
155559 155805
153287 154612
166623 166638
124091 124161
151413 152897
133895 133924
101520 101827
182461 182685
115589 116658
132900 134889
144343 144719
141090 143055
136259 136297
141987 143429
137047 138670
116542 116822
165737 166188
130521 132312
194185 195626
103414 104546
106311 108274
109550 111368
187829 188864
124309 126240
134566 136225
119718 120136
132043 132623
116945 118044
156633 158070
133417 135380
147646 148085
163083 164785
181679 183434
149826 150151
198090 198387
163298 165118
130758 131475
107621 108055
133222 133855
121629 121770
116300 118222
116409 117738
100697 102294
188343 189249
130954 132138
168854 170526
167899 167921
125789 126653
167096 168512
146224 147387
167930 168372
188132 189763
150753 151360
177422 178397
152341 152659
119038 120741
153113 153514
137351 138124
194618 196522
139918 140064
126571 128308
185441 186483
123723 125249
123499 123783
109335 109565
184826 186606
188493 189637
107064 108893
145929 147515
149293 149798
150437 152113
162787 162818
152287 153724
166029 166524
146515 147244
108223 109100
143418 145284
108537 108625
152177 154096
122937 124897
187702 189041
105259 105290
194290 195744
136602 136724
104230 105746
104946 106584
170987 171327
144801 144817
124531 124725
108059 109200
109668 111330
151567 153114
190692 192462
131068 132963
135044 136670
103005 104001
189853 190243
192418 193509
147813 148475
161754 162452
137207 139110
128218 128582
118372 118973
252721 254382
202765 202875
297625 299577
252845 254637
217491 218617
298423 300062
236988 238390
246465 246525
266638 267407
213194 213691
277558 279402
229550 230722
270803 272409
209514 211202
203721 204107
265577 265677
290462 292067
214923 216770
295194 296841
285206 285406
276054 276933
240934 241245
222473 223618
279953 280956
237184 238235
251221 252038
215344 216486
273283 275073
264943 265666
245710 246363
209178 209805
220953 222214
274188 274391
247160 248828
280669 281603
218233 219911
245637 247359
289154 290075
215510 216273
286950 288266
269667 269716
290067 291078
246167 247594
215514 216116
282523 282926
202053 202760
216646 217309
213463 213700
203306 203961
293449 294737
226451 227175
204860 206380
200975 202779
292584 294109
213875 215770
200020 201214
285881 286607
269407 269895
227025 227624
285924 286833
289960 291327
298532 298815
262017 263983
209817 210426
297612 299181
279193 281066
272257 273512
277534 279001
284550 285477
285451 286160
293697 295217
241440 242805
287475 289391
201776 203779
228590 229050
287866 289525
208248 208597
254562 255585
207196 208505
222175 223960
265575 266750
257873 258091
273291 273329
240012 241921
249034 249390
254522 255706
279066 280128
258272 259338
214386 215027
221275 221852
231936 232065
294107 294620
217823 219345
208211 209536
244010 244118
294948 296268
238808 239999
218037 218736
270921 271236
213796 214091
221027 221461
215187 216217
236884 238782
267538 267958
234274 234424
222021 222885
274304 274363
272531 274234
245947 246568
254156 255936
282150 283969
298878 300505
202283 202645
210501 210872
232895 234325
282377 283216
255548 256030
253455 254965
244549 245285
285148 287031
222400 223389
280367 280622
274118 276018
263599 265257
254928 256712
215714 215769
240654 241317
253985 254758
286274 287923
235877 236183
211077 211187
245399 246273
277047 278855
254678 256201
246790 248785
266507 266614
217439 218540
236727 236802
283626 283829
267343 268243
281006 281618
232201 233394
213982 215061
242722 243002
277936 278742
243853 244404
275523 277329
276867 276937
283990 284843
286494 287676
260226 260445
246660 248199
295537 295816
204481 205087
242683 244318
251198 251373
239364 240704
260270 261349
236414 238110
218993 220979
210962 212533
277976 278997
290780 290802
277492 277504
261945 263784
203328 204921
271742 273646
231246 232883
279587 280625
202914 203200
264179 264402
256881 258052
202892 204708
260901 261513
289809 290322
284241 284555
254088 254402
281295 282667
283421 284572
215514 216891
231482 232736
240589 242023
293173 293399
268451 268738
298521 300342
267605 268057
281834 283391
294200 296033
271849 273301
213599 214981
275189 276685
259682 260849
200497 200925
272520 272588
272290 272966
279788 281731
252120 252446
274134 275427
276292 276456
263108 263156
371501 373500
300832 302469
333544 334128
305871 306067
371110 373104
318225 319589
383432 383839
355808 356847
313793 314242
329077 330519
331667 333480
395648 396061
362799 363286
360170 360379
334224 335340
338467 340353
345070 345713
335995 337504
314188 314282
351499 352592
378900 379511
336127 337685
363914 364795
374086 374606
316079 317287
304103 305885
342531 343560
386677 388390
386848 388305
392508 393124
391995 392068
335869 337514
327514 328221
343454 343851
337316 337412
329565 330004
332153 333383
317261 318562
384086 384133
363370 364173
353791 354457
340288 341781
363599 363609
369554 370034
300690 302644
318544 320372
326641 327304
377537 378621
379772 380621
338814 340500
376181 377011
365220 365504
300727 300931
307374 308887
397260 398077
341727 342906
315859 316555
390398 391045
339459 340162
363008 363897
307371 308749
367979 368126
323824 324534
330437 331837
319809 321302
365424 366933
347155 347492
372905 374446
303891 304696
328997 330442
332887 333361
378554 379371
306615 307239
306748 308009
358539 360233
358533 360099
321455 322763
393851 393891
325959 326248
336215 337365
346286 348117
326858 328209
390132 392003
356744 357872
362861 364074
367389 369083
354142 354593
300971 301774
330296 331162
353742 355257
354855 356213
310489 311344
381065 381874
334686 335412
311890 312803
380105 381002
391745 392065
304353 305040
340883 341065
304796 304951
328117 329599
318957 320876
323991 324679
343770 344405
350892 352633
337419 338545
399701 401224
340387 340852
364269 364616
333818 333979
306790 307191
347582 348447
304631 305953
343854 344925
332883 333388
304335 305141
302674 302950
398052 398353
334393 335053
364245 364262
349567 351315
323758 324270
392645 394229
324247 325939
305391 305752
323213 323621
322314 322692
367223 368476
399092 400383
310478 311493
377824 379047
348497 348584
394577 394705
366286 366763
360953 362055
367141 367776
388402 388756
329350 329593
371931 372961
317341 318804
367271 369199
394497 395046
373797 374922
378200 378802
358344 359831
340156 342046
300374 300501
316548 316605
353391 354067
355197 355625
326723 328115
327022 328366
330405 330886
307869 309073
354190 354619
388297 389846
359628 360287
391820 393372
301934 303630
324666 325265
391725 392143
372619 373549
362642 363665
397656 399643
322333 323306
350037 350727
374133 375502
314802 315398
315387 316770
349416 350818
378460 378505
313396 313864
367332 367653
389811 391018
377144 378855
341763 342080
314019 314901
352209 352555
352988 353307
338029 339803
317597 318716
331817 332934
342054 344045
362524 363247
311528 313056
359032 359478
385383 385536
344350 345549
385420 386400
306024 306824
365854 367660
378428 379908
388023 388634
339779 340773
340046 342045
328024 329683
351123 352480
347762 348201
378805 380266
367426 368434
429599 430801
477853 478419
440754 440767
445569 447414
412764 414077
492788 494297
400301 402290
459197 460448
483299 484636
414641 414944
413727 415682
465392 465893
412940 414210
476287 478048
400506 402261
481709 483220
443236 443360
453464 455325
498135 498918
460506 460757
477877 479686
408496 408611
438542 439420
449212 450627
485222 485806
450603 452082
455819 457435
475255 476984
446726 448591
497244 497324
478954 480855
418856 419547
468014 469034
402096 404021
454291 455820
497781 499507
455523 455608
432766 432779
490439 491068
434330 435113
425238 426036
437524 438117
406035 407227
496149 496309
494329 496145
435756 436797
487925 489558
448997 449293
424740 425624
476100 476579
453845 455240
417426 418694
464747 466035
479466 480130
412226 413980
498107 499598
469691 471394
424042 425275
472842 473104
491431 493404
498683 499943
431416 432513
402695 403261
435177 436889
473860 475859
440650 442531
413886 414090
489728 490607
402558 404113
423331 425099
419508 420598
464489 465679
413130 413654
493166 493980
461680 462689
407583 409049
417039 417981
419693 420970
442800 442846
431021 432620
456893 458017
485817 487250
434374 434453
466431 467915
447723 449700
435829 436624
403195 403474
474867 476348
462180 463350
442637 443947
475610 477532
421124 422806
474391 475387
436436 437562
487388 488705
408845 410553
451945 452728
456358 456998
400082 401545
425953 427497
471069 471953
489728 490811
404893 406588
462898 464791
477707 479309
492700 493591
435838 437009
485046 486749
426900 428423
440098 441126
442676 443909
402796 404487
493803 493915
405746 407689
436924 438739
469149 469295
472726 473195
421151 422751
479453 480653
459771 461777
472786 474575
497036 498849
426259 426683
473129 474859
468650 470325
419893 419930
465236 466073
460308 462289
472252 472932
440251 442118
448375 449688
490464 490523
437910 439756
465223 466082
471888 473858
490562 492005
426431 427296
482567 483355
444254 444846
406966 408732
476255 476357
434573 436428
497825 498139
476630 478632
414505 416348
464129 465750
415611 416623
425350 425646
480059 480162
456302 457283
412477 414084
462237 463000
444024 444795
496860 498673
453216 454402
447425 448269
444063 445067
442182 443396
430788 432147
446473 447164
400244 400874
437287 438376
463038 464006
467171 468106
477481 478955
413332 413466
452266 452279
499203 499846
402945 403298
411505 413165
494289 494964
400963 401885
463641 463808
421855 423389
429179 429511
412760 413054
428358 430150
416834 416859
496057 496851
461079 461546
412121 413759
441607 442338
455077 456807
489774 491566
425681 426458
447002 447619
479762 480566
474935 475734
413351 413798
476190 476242
473405 473844
435029 436649
468487 468578
434713 436063
475710 476467
429248 430843
407823 409448
458620 459053
427648 428066
457168 458425
515229 515469
587347 588856
589803 591679
541019 542391
514212 515114
529219 529537
524634 525337
509962 511927
555151 555167
579660 580330
538052 540002
531228 531947
549024 549187
565719 566416
588434 589697
501784 502079
541130 542159
555301 556156
581719 583114
577982 578058
536215 537337
526678 527421
567821 568839
591203 591569
572311 572849
501726 501776
571275 572848
597305 597782
557676 558405
525239 525920
571305 572877
550604 552017
569247 570052
568959 569949
516313 517585
539067 540840
599172 600490
573415 573898
591984 593181
542943 544512
520812 521633
589833 590122
532342 533227
552560 553529
551121 551188
577805 578531
558770 560235
583409 584061
509551 510883
522041 523262
562092 562718
508645 509156
548520 549665
599377 600498
530348 530745
537245 538763
509609 510340
575927 576197
538873 539286
583714 584751
576681 577589
522500 524272
536218 536643
565054 565491
515595 517298
543828 544709
593324 594369
562181 563056
589863 590105
532805 533994
541652 541744
568881 570720
595002 596703
511760 513285
554208 556116
541850 543717
516444 517588
591964 592475
536667 537654
534211 534943
525149 525618
520393 522238
572852 574423
592289 592551
511254 513069
574159 575241
597133 599091
576903 578824
512496 512817
585307 585562
588158 589706
572191 573776
558434 559467
572022 573622
509697 510704
580528 581887
560378 560999
517097 518786
540318 540814
564717 565491
507394 507831
594854 594984
554509 554562
555178 557003
590291 591708
546163 547185
555961 556834
545367 545986
505228 506669
504665 505366
591516 592711
592783 593000
571364 572537
519751 521467
587720 587964
585528 586993
510486 512414
563568 563641
546847 548235
578846 580143
547180 548837
501442 502488
534384 535741
580722 582609
560474 560918
551301 552212
508140 508418
584676 584847
516682 518287
580129 581248
537772 538439
513831 513935
552244 552868
577877 579138
508177 509602
560168 560501
509816 509940
517939 518320
527474 528898
512581 513163
539225 539474
551882 552016
571445 572594
522747 523359
522170 522240
580404 581168
509162 510272
515958 516789
519482 521450
534497 535754
591310 592326
508669 510284
594370 595893
571418 573344
586106 586782
545341 545386
590993 592348
507041 507364
586361 588185
511157 511994
552812 554262
558527 559216
500103 500215
598125 599303
537888 539680
589679 590083
522792 524362
583454 584903
573133 573843
529815 529968
580793 580838
555365 556449
563568 564043
598098 599681
599952 600913
535565 537285
599385 600488
596709 597362
589860 590817
543743 545427
546956 547308
597482 599135
573751 574086
509646 510960
586568 588418
516045 517623
534165 535467
541821 542538
563838 563898
572925 573767
585040 586522
507196 508747
512245 512515
586329 588148
572704 573582
593231 594717
517386 518798
508546 510092
582087 582718
504523 506128
602103 602228
649474 649750
644010 645522
662143 663051
643912 644663
645220 646563
682191 683355
629221 630070
626488 627147
638431 639660
654556 655237
610232 610844
615882 616458
673282 674902
629074 629222
603819 605317
698225 699216
681539 682194
611278 612938
607914 609054
699322 699934
637715 639227
664246 666018
693305 694986
690040 691457
630398 631175
676470 676629
634472 634643
692823 693431
605567 607271
626679 627381
672476 673223
688705 690244
635400 636255
636462 637584
623135 623515
620984 621320
637432 638605
609562 611237
642469 643165
615463 616333
692023 692857
654155 654679
642725 644642
625516 626130
677992 679588
611481 612478
610529 611263
609785 611531
665492 665843
626631 626820
640145 640405
646966 647934
627231 628507
655437 656964
675456 676419
697759 699487
614585 615243
683015 683260
696306 698299
691364 692680
660163 661588
666784 668658
676848 678153
639655 641505
644490 645049
651102 652023
656182 657986
614541 615714
660468 660647
614880 616384
622547 623025
649377 650156
685706 687639
651143 651616
654762 656643
699152 700199
689808 690053
665842 665931
641970 642375
670851 671277
675184 675568
610028 611960
622788 623506
619355 620728
610807 611630
600823 600907
673828 675466
666937 667137
624325 625028
629190 629759
641039 641947
604538 605406
663697 663933
688467 688662
650653 651524
636666 637954
604112 604550
666447 666621
673697 674470
600078 601088
694485 695157
680550 680751
608838 609747
678350 678960
689582 690624
626640 627485
689191 690117
610360 610523
633328 634175
657680 657889
641427 642103
649633 649681
665094 665841
683513 684358
697188 698775
686204 687182
648271 649333
665497 666419
689922 689981
621558 621600
644777 646284
639602 641160
687698 689134
604801 605855
654781 656636
682560 683329
621741 623300
601459 601572
690939 692153
695569 696667
693359 693585
608845 610057
632290 634151
657440 658308
645679 645719
612845 614006
659175 660696
684905 686832
684812 685742
665811 666427
681151 682549
663658 665043
618384 618565
677553 679152
610550 611695
665181 665381
614084 616065
675027 675260
619343 621077
625015 626367
681899 683185
641886 643085
644854 646255
670478 671969
678207 678509
649279 650666
630356 631362
678889 678927
611257 611976
654537 654999
660675 661069
605784 606699
685966 687473
636899 638642
656953 657784
602458 603154
682263 682440
669284 669911
641958 643012
651287 651646
608374 609007
679673 680216
695942 697770
694133 695943
695819 697490
675636 676075
628372 630248
659875 661220
696450 696566
689840 690627
614767 614986
632234 632668
625802 626633
630892 631075
698308 698624
632778 632882
650221 651899
687268 688421
680144 681109
616805 618375
649757 650438
616117 617518
628544 628556
637794 638320
621812 622225
632481 633532
671189 672375
652831 654430
652294 653140
748886 749012
798273 798380
783068 783816
741819 742972
726304 726573
741049 742505
776012 777577
798492 800112
771240 772881
770114 771256
702859 703592
758061 759375
771824 772509
711611 712429
770750 772084
793348 795312
752655 753479
787131 788176
710350 710593
753880 755882
764414 765294
757801 759441
755269 755983
736302 736548
782345 782973
768607 770420
796507 797186
711327 712928
751171 751239
755800 757264
764206 765040
778453 779688
786283 788169
785248 787197
751533 752308
743390 743544
708226 708863
748676 749790
725000 726102
708098 709256
740282 742099
799985 800737
756397 757990
765488 767307
749355 750803
729490 730091
740165 740988
715680 717518
724369 725284
768957 769931
773324 774939
791292 792852
744699 745242
780083 781769
764165 765317
749700 751475
783068 783514
755908 756361
761501 761614
749079 750008
712081 713339
724456 725674
744317 744509
708645 708710
772378 772513
798317 799181
721809 723460
778733 780145
750071 750116
782904 783115
779763 779947
762756 764488
715117 715770
758734 760586
715063 716548
721305 721511
703613 705507
703519 703562
776215 777356
775728 776049
711053 712278
758493 759484
714591 716268
743263 744256
796546 797155
782787 783685
777384 778034
740887 741773
779101 779279
748395 749510
721143 722979
747123 748065
711893 712009
770475 770886
761682 761716
757199 757996
772678 772715
769492 771332
763260 763686
725576 726738
795865 795953
793357 794989
760550 760794
704558 706184
718861 720869
784597 785006
753319 753380
730040 731343
718673 719924
772639 774186
715107 716535
792062 792118
748377 748665
754854 755632
715526 715768
781784 782577
716349 717171
777053 778115
722457 723068
773267 774084
759426 760015
754145 755505
794767 796382
782252 782353
729875 730158
716605 718045
751569 751859
729505 731172
776019 776377
709226 710423
791892 793303
746795 747280
713487 715401
710360 711237
735016 735544
768057 769445
740666 742663
773939 775026
743133 744737
783476 785232
736649 738268
786095 786304
738184 738818
725325 726061
711516 712158
770317 772164
796053 797706
798987 800702
719866 721339
701907 702337
741171 741774
775642 777625
778955 779583
771961 773837
779313 780996
716720 717000
730831 732509
793751 795003
714342 715047
711858 713077
770442 771181
748500 749309
798347 798610
721648 722028
705119 705655
760330 760714
791230 792025
765023 766040
730143 730543
707302 707387
708522 708840
717814 717873
774494 776384
708411 710275
725698 726397
715242 715512
745296 747055
723953 724296
774951 775104
727200 728258
707374 707683
760008 760717
777577 777645
729142 731020
753889 753921
703668 705522
756062 756780
772253 772356
709162 710292
759316 759865
717656 718999
709914 711062
773457 775133
721365 721635
724682 726494
745450 747263
759029 760958
723287 725284
785160 786372
703090 705092
886056 886677
811403 812104
873013 874952
885684 887471
803452 804694
894895 895750
853731 855416
833101 834713
833530 834448
825162 826214
887709 888792
870700 872668
899548 900398
829354 829445
816124 816953
898888 900247
897741 898105
861587 862659
804099 805032
878622 880098
858573 858588
894137 894811
849602 849939
822345 822619
832146 832407
888350 889070
890131 891744
807558 808621
860315 861827
824231 825174
837681 838408
867838 868452
870926 872251
890106 892004
831102 832409
873929 875908
842309 843058
892938 893891
828255 829500
800451 800641
840192 840291
868247 869029
819968 820869
866243 868146
824975 825692
844365 845721
878164 879156
837889 837941
877275 877330
860568 861341
809870 811554
801386 801811
880228 880738
851964 852742
847238 848788
876845 877600
800587 801801
824716 825754
895323 895574
809774 810548
825913 827787
882308 882890
859605 860294
823507 824244
875526 876993
862640 863832
870860 871111
839700 840458
836954 838553
889723 891128
864428 865792
828023 828771
875712 877259
836036 836454
811530 812418
865580 867102
883204 884146
863969 864032
837583 838744
894583 894752
814122 814200
899976 901397
854528 855921
865322 865555
812672 814489
892391 894090
885937 886016
829758 831518
874241 874974
860882 861768
826547 827716
882901 883692
859282 861108
807880 808556
801134 802392
802698 804687
813126 815040
823576 823864
859555 859889
808605 809261
865696 867594
889911 891546
820945 821983
891874 892408
838932 840667
887962 888167
842364 843128
841173 842841
889790 891218
850255 851001
895138 895426
894811 895918
888044 889097
865053 865133
823045 823744
837487 839034
893956 894368
877634 878440
878633 879301
850719 852264
810358 810788
847322 848527
835558 836863
856290 857127
843585 844657
897575 898342
874394 875285
857354 858315
866086 866151
875202 877014
817472 818793
890989 891151
823997 825605
834630 835704
828437 830260
878326 879071
896581 896845
896176 896851
820496 820559
870408 870906
877200 879107
831530 833164
874805 876634
819791 819847
823818 825461
897446 899294
817550 818669
839177 840973
833323 833618
856525 857369
888992 889387
888669 890000
832027 832599
819534 821488
893450 895278
866369 866835
847351 847538
814329 815483
894410 895953
898925 900601
815056 815716
877974 879646
819267 820818
880510 882003
850561 850928
831399 833090
850458 850593
849487 849945
875708 877430
839823 840910
847279 847830
871220 871930
871725 873382
870901 871078
822857 824728
848439 849558
886481 887464
885875 886537
818761 819028
860269 861371
841950 843097
819701 820449
868424 869124
860239 861539
849034 850352
840325 842030
875391 876967
855535 856646
820722 821570
808127 809943
853197 854001
851009 851349
811822 813008
874798 876328
897752 898526
810407 812016
878719 879623
841192 841664
840195 840879
856675 857118
943729 945079
939179 940450
926889 928736
904104 905006
968873 970445
958419 959109
978084 978192
994550 995243
979381 980676
980204 981562
917674 919007
940052 941994
935090 936855
969935 971721
923082 923902
930139 930896
971808 972832
950405 950535
904015 905698
980133 981253
923238 923387
920653 921377
948422 948955
961349 961498
906268 907196
933296 934166
952283 953293
935845 936290
960186 960356
985799 986730
901843 902742
995294 996507
982569 984300
919313 919361
962850 963635
986425 987449
936592 936785
993076 994934
930140 932034
967219 968290
979316 980863
992687 994201
941232 942878
932219 932880
976451 977288
938181 939953
933095 934447
937170 938738
918669 919349
947359 948087
914099 915700
913895 915374
934282 935178
955879 956707
980761 981794
991469 993440
924087 924985
941451 941749
989764 990805
935592 936458
917700 917892
989355 990449
982867 983562
955244 956501
915307 916623
952800 953806
975379 976649
985697 987108
991315 992645
976343 978048
967760 969265
951594 952148
979231 979752
934020 935311
939615 940715
904856 905915
902459 902825
936428 937827
966918 968108
975553 975694
945028 946223
959954 960912
960768 961118
986868 987934
997790 999144
992376 992747
903964 904016
987617 989123
930750 931792
988076 988159
958685 960429
948780 949949
939312 940924
944061 944227
990877 991544
977872 979826
939900 941906
979933 981879
975222 976425
908252 909824
930796 931711
905889 906442
964259 964899
983113 984434
921653 923647
990736 991099
995985 997883
992194 994053
903639 904827
921395 922083
953552 955315
970672 971147
997237 998305
984464 984787
934283 934413
955056 955687
937498 938676
921182 923070
954855 956221
915222 916520
988289 988451
976279 976794
911027 911735
917784 919536
971886 973483
985953 986625
950615 951486
964957 966276
990833 991441
955901 956861
905985 907621
989669 989766
989335 990003
960680 961994
976882 977168
908980 909342
982212 982647
946234 947504
922536 923855
975176 976096
996998 998773
985864 986267
980261 981872
912099 913477
943974 944894
986481 987383
948004 948116
987409 988508
915699 917353
982533 982722
952822 954240
969540 969878
996227 998089
965220 966504
901979 902050
918337 918996
910599 911553
953691 955082
966439 966459
939729 940030
932942 934335
995385 996962
946864 947235
937364 937876
930408 931243
929839 929960
991699 992304
943752 943841
900205 900437
948816 949633
907234 908350
989270 989550
918760 920236
961648 962329
971586 972382
993763 994384
909329 909477
943708 945026
945000 946605
948987 950318
904069 904694
936080 937463
930514 932041
927030 928886
928965 929512
994193 994534
991126 991914
907351 907837
974742 975517
989835 991595
965297 965606
974905 974932
931613 932039
980008 980829
985110 986886
907711 909574
996124 996503
969474 969769
917071 917644
913498 913761
1089510 1090046
1075742 1077393
1084842 1085568
1067663 1069560
1047931 1048761
1041402 1043115
1005943 1007195
1049503 1049552
1098634 1099714
1033103 1033237
1051866 1053571
1007368 1008972
1082946 1083120
1098619 1099126
1013980 1014384
1043016 1044982
1078923 1079978
1099795 1101134
1048873 1049525
1063449 1065122
1061603 1062785
1001581 1003029
1004761 1005422
1033942 1035053
1076941 1078544
1055460 1056350
1070302 1071877
1030779 1031229
1073651 1074077
1054791 1055326
1082130 1083882
1010503 1010515
1099639 1101099
1070505 1071318
1098345 1098442
1075633 1076056
1001183 1002714
1088588 1089745
1067950 1068936
1024271 1025746
1051073 1052101
1050542 1051719
1032886 1033756
1099072 1100601
1008131 1010055
1067549 1069014
1027993 1029399
1006358 1007429
1086754 1087885
1027734 1028560
1035485 1037187
1070672 1071431
1091579 1093078
1062688 1063619
1093082 1094976
1042755 1042818
1098984 1100659
1054926 1056782
1042134 1042651
1092100 1093406
1016085 1017245
1025532 1027484
1034102 1034219
1018348 1019025
1088016 1088856
1051228 1052089
1031514 1033112
1062758 1064658
1066136 1066436
1006223 1008041
1051886 1053206
1019096 1019416
1012326 1013527
1028009 1029021
1005760 1007302
1074446 1075947
1055455 1055911
1093034 1094557
1038462 1038724
1014670 1016022
1034448 1036096
1053189 1054290
1001088 1001421
1036675 1038601
1045874 1046096
1003149 1003752
1075274 1076687
1017815 1019600
1085745 1087137
1054604 1055534
1026092 1027692
1069356 1070117
1005804 1006497
1099202 1100439
1001198 1001621
1062277 1063607
1053167 1054888
1024590 1024874
1010004 1011349
1063616 1064599
1031797 1032718
1046997 1048994
1051717 1052763
1059666 1060742
1074612 1074958
1033362 1034214
1062043 1063104
1067722 1068194
1078646 1080093
1038493 1039586
1096443 1097142
1026187 1026221
1005578 1006212
1004762 1006711
1080246 1082202
1014349 1016029
1042356 1043674
1097315 1099260
1097227 1098722
1055717 1056123
1098215 1099353
1025411 1026232
1030649 1030868
1000053 1000098
1067156 1068379
1008387 1009380
1015451 1016846
1057688 1059100
1087551 1089297
1021069 1022080
1055937 1057089
1052902 1054096
1072505 1073885
1034745 1036089
1056097 1056444
1065717 1066884
1084488 1084773
1003462 1003651
1055264 1055395
1096887 1098460
1057464 1059217
1080962 1082366
1051670 1052155
1009461 1010467
1021166 1022836
1013455 1013901
1063005 1063658
1017858 1019152
1076038 1076973
1041480 1042117
1070788 1071466
1061629 1063610
1008616 1009257
1075784 1077466
1085594 1086678
1018602 1020140
1066337 1067503
1002746 1003488
1036189 1036766
1035382 1037022
1001166 1002517
1056485 1057755
1053382 1054378
1082561 1084562
1002298 1004240
1060163 1061717
1084525 1085933
1004712 1005624
1061949 1062991
1005422 1006012
1067182 1067875
1054748 1055475
1088155 1088913
1068005 1069284
1036816 1037654
1081432 1082702
1059942 1060008
1011226 1011885
1034008 1034217
1030595 1031450
1052095 1052805
1040328 1042063
1017125 1017821
1039651 1040693
1099225 1100139
1014378 1014548
1070505 1072371
1029859 1031712
1003856 1004472
1007917 1008118
1045495 1045575
1029832 1030618
1005250 1005620
1063319 1064064
1030841 1031068
1055223 1055403
1037192 1038093
1035885 1036384
1090074 1091191
1056862 1058645
1184780 1185948
1199588 1199781
1187944 1189161
1118300 1118383
1191188 1191739
1131390 1132090
1194376 1194593
1166584 1166674
1185146 1185519
1103103 1104418
1107068 1108524
1186588 1188109
1177844 1178340
1177348 1178171
1114387 1114759
1134856 1136326
1142379 1142482
1165525 1166786
1115421 1116097
1165059 1167012
1155542 1156451
1134161 1135781
1153801 1155273
1137797 1138624
1115616 1115971
1138783 1138867
1190765 1192102
1154711 1156358
1150953 1151205
1169863 1171811
1134631 1135473
1158514 1160327
1105833 1107287
1198253 1199424
1170854 1172326
1124796 1126268
1113349 1115224
1108005 1108672
1130016 1130614
1138700 1139766
1147312 1148547
1190499 1192504
1180464 1180703
1147361 1147671
1133352 1135156
1110708 1111081
1189322 1190592
1134997 1136155
1103995 1104509
1192126 1193521
1102013 1103589
1131899 1132167
1145216 1146905
1191936 1192125
1129082 1129514
1120534 1122091
1100061 1101503
1128832 1130320
1150459 1151236
1173215 1175173
1138108 1139615
1166674 1167230
1192012 1193413
1116883 1118174
1134118 1134390
1175933 1177695
1168134 1168855
1196262 1196987
1109862 1110434
1173875 1175774
1160250 1160832
1176540 1176969
1154082 1155083
1197223 1198750
1124956 1126684
1151997 1152772
1130924 1131355
1190448 1190834
1140207 1142110
1152666 1154462
1180619 1181639
1173178 1174612
1136474 1137567
1140413 1141725
1149018 1150714
1108385 1108432
1128185 1130156
1174715 1175736
1190779 1191011
1131628 1131968
1145526 1146513
1145771 1146862
1154093 1154157
1154252 1154860
1127325 1129092
1165233 1166752
1137583 1138069
1162611 1162637
1197714 1198786
1142515 1144409
1156147 1156513
1137322 1138860
1168034 1169331
1107758 1108993
1142889 1144596
1138669 1138807
1175480 1176989
1106004 1106727
1106680 1107863
1159138 1160425
1198354 1198660
1186985 1188308
1197655 1197888
1154818 1156145
1101205 1101485
1198193 1199278
1165250 1165541
1134691 1136345
1149538 1150404
1104717 1106326
1167272 1168790
1100654 1102266
1126855 1126924
1146133 1147816
1176550 1178255
1184165 1185956
1139103 1140443
1106881 1107762
1172917 1174658
1146196 1147789
1167841 1168652
1175843 1177804
1196858 1196992
1142036 1143893
1103447 1104670
1103650 1104592
1160652 1161991
1114666 1114909
1176482 1177837
1179059 1180999
1142111 1143860
1134309 1136012
1142505 1144300
1160114 1160780
1124612 1125008
1108643 1109969
1190541 1191758
1124277 1125265
1105426 1105699
1196009 1197388
1123443 1125389
1131247 1131775
1154637 1154916
1143850 1144870
1158634 1158712
1187491 1188237
1123664 1124121
1177754 1179012
1154429 1154890
1104164 1104711
1178805 1179187
1112239 1112559
1125225 1126248
1182731 1184058
1131206 1132844
1170299 1170358
1177679 1178819
1153249 1155096
1145556 1145985
1140502 1140802
1103664 1104982
1182338 1182875
1148189 1149850
1172456 1172699
1177786 1178763
1147697 1148032
1166071 1167599
1137107 1137377
1168587 1170293
1170539 1171893
1165977 1167271
1180879 1182748
1197951 1198818
1139221 1140277
1109717 1110424
1188830 1189027
1162126 1163081
1105075 1106242
1197650 1198470
1158432 1159033
1106446 1107132
1137092 1138895
1150684 1152580
1198685 1200312
1118414 1118533
1194112 1194411
1139425 1139919
1149949 1151567
1166827 1167483
1164748 1166071
1239054 1240643
1275206 1276876
1220985 1222419
1282615 1283254
1254477 1254671
1208302 1209117
1295722 1295805
1213132 1214573
1271148 1271987
1288702 1290490
1243821 1243889
1237662 1238066
1209505 1210820
1223186 1224857
1242975 1243720
1265273 1266390
1227727 1228019
1204003 1204532
1254680 1256204
1215632 1217185
1219759 1219782
1224488 1225233
1270807 1272555
1251767 1253430
1256999 1257197
1253853 1254747
1280387 1282218
1277810 1278192
1251785 1253479
1289140 1289205
1241044 1242014
1298900 1299062
1222576 1223043
1259383 1259846
1216038 1217908
1276593 1277577
1239847 1239890
1208395 1210328
1245636 1246688
1226993 1228036
1201354 1201956
1285883 1286635
1229525 1230501
1255866 1257736
1243883 1244888
1269743 1270496
1259950 1260693
1226446 1226824
1206396 1207507
1293803 1294717
1245455 1246451
1223259 1225116
1244030 1244134
1201415 1203296
1293178 1294339
1223474 1224965
1204117 1205713
1280679 1281217
1272194 1273690
1211656 1212619
1282041 1283786
1249849 1250799
1281024 1282541
1220693 1220913
1200418 1201677
1235966 1237061
1228198 1228801
1277080 1278189
1274034 1274954
1268506 1270393
1281896 1282777
1219085 1219831
1245786 1246799
1275564 1275848
1214632 1216423
1212359 1213985
1297592 1297813
1285549 1287209
1298233 1298982
1222215 1222329
1228468 1230049
1284724 1285852
1291319 1291603
1200117 1201671
1259025 1259401
1238549 1238685
1257977 1258931
1278978 1280280
1233408 1235401
1285190 1285905
1295869 1296595
1278911 1280447
1230064 1230170
1273599 1274772
1290576 1291772
1271603 1272150
1270922 1272024
1295158 1295255
1229476 1230963
1295807 1296469
1291203 1292333
1232241 1232314
1223113 1224914
1212458 1213666
1257094 1258114
1253844 1253879
1219740 1220409
1280800 1281497
1271198 1271902
1273932 1274284
1251313 1252793
1212214 1214117
1270313 1272045
1213130 1214066
1226812 1227886
1214131 1215202
1238416 1239872
1216187 1217926
1204781 1204872
1212008 1212549
1291701 1293390
1218557 1219668
1210292 1211306
1269354 1269894
1244048 1245713
1279572 1280857
1257881 1258561
1244594 1244986
1250147 1251779
1298671 1299524
1288038 1289745
1215427 1215735
1247782 1248565
1255346 1255689
1293993 1294154
1257999 1258293
1291641 1292018
1281400 1281446
1217392 1218327
1252013 1253690
1216843 1217557
1252686 1254620
1268983 1270677
1296613 1296769
1292529 1293740
1225349 1226432
1265237 1265273
1215288 1215447
1280379 1281143
1252914 1253124
1216619 1217596
1239418 1240417
1210081 1210365
1278770 1279252
1204326 1205052
1287215 1288900
1296204 1298076
1293522 1293745
1217868 1218515
1291607 1292249
1249185 1250637
1276821 1276836
1297537 1298649
1206747 1207493
1259023 1260761
1257618 1258437
1296945 1297367
1201586 1203426
1228302 1228738
1247084 1248612
1268063 1268272
1280943 1282302
1265274 1266273
1275468 1276399
1209968 1211914
1293582 1295561
1201887 1202669
1221008 1221329
1227848 1229808
1230169 1230432
1234389 1235808
1238863 1240493
1293300 1293352
1263752 1263960
1267701 1269370
1281437 1282897
1205256 1206564
1201511 1201535
1221593 1223200
1234399 1235706
1270873 1272638
1259526 1261022
1258677 1258974
1237719 1238909
1278111 1279915
1285009 1285856
1242718 1244491
1234686 1235619
1276176 1276798
1275331 1276662
1380751 1380820
1354185 1354753
1300785 1301819
1350434 1351794
1341788 1343097
1339394 1340976
1389104 1389359
1341071 1342853
1352416 1354326
1335232 1336905
1333940 1335552
1347313 1348096
1397566 1397595
1387783 1389186
1345213 1346910
1350390 1351888
1349296 1349559
1347375 1349343
1386575 1387213
1349922 1350464
1345141 1346658
1300039 1301307
1329326 1329922
1328023 1329084
1339065 1339916
1382920 1383012
1307949 1307999
1321148 1322656
1384953 1386719
1306496 1306988
1323022 1323819
1392767 1393477
1371878 1373078
1382678 1384294
1300297 1300889
1382101 1382990
1384466 1386314
1306961 1308352
1369091 1369831
1328965 1329216
1379800 1381377
1382273 1382477
1308267 1309181
1388988 1389557
1376778 1378483
1326624 1328567
1336279 1337254
1323875 1325825
1344249 1345452
1396339 1398339
1344579 1345464
1386554 1388364
1334235 1336131
1327175 1328825
1321409 1323287
1391934 1392881
1365510 1367332
1343804 1345633
1399526 1400773
1376602 1377747
1350592 1351546
1302666 1304578
1371871 1372576
1379344 1379824
1369223 1369575
1307228 1307972
1339095 1340317
1361715 1362162
1326231 1327103
1323666 1324930
1340822 1341064
1328739 1330218
1354474 1356046
1341446 1342425
1398264 1399889
1316919 1317375
1355828 1356687
1316082 1316315
1397385 1397786
1340948 1341470
1320189 1321499
1393660 1393921
1372955 1373298
1379293 1380791
1303803 1304450
1319860 1320706
1329247 1330960
1354261 1355406
1351799 1351868
1398258 1400158
1308014 1309357
1330265 1331591
1383885 1384669
1313619 1313911
1328587 1328938
1335677 1335848
1354596 1356119
1397000 1398181
1329830 1329852
1361618 1362690
1375034 1376093
1374545 1375242
1325032 1326029
1334850 1334911
1383765 1385180
1399042 1400760
1376416 1376688
1330724 1332195
1317783 1318282
1317813 1318377
1398325 1399738
1374574 1375560
1386539 1388548
1310876 1312426
1337734 1339557
1314524 1314844
1395957 1396801
1363189 1363793
1344173 1344272
1301388 1302074
1333773 1334354
1347907 1349291
1347383 1348756
1311433 1312757
1380329 1380378
1378535 1378698
1322483 1322721
1358000 1359122
1342207 1343854
1333592 1334157
1395508 1396932
1367110 1367900
1316871 1317980
1350902 1352609
1398834 1399122
1365040 1365789
1328708 1329952
1389558 1389617
1331117 1332457
1372800 1372862
1390526 1390682
1343108 1343692
1328606 1329018
1317810 1319084
1337010 1337313
1374831 1376416
1384830 1385367
1344099 1344880
1304381 1306243
1355057 1355338
1396641 1397233
1347137 1348445
1312327 1312376
1354291 1355990
1381017 1381034
1394212 1395674
1375367 1376017
1393515 1393693
1324838 1325679
1369000 1369942
1375893 1377815
1345496 1347192
1326400 1327969
1307370 1309078
1300552 1302188
1326829 1327586
1382635 1384264
1327354 1328733
1381091 1383038
1351918 1352790
1314360 1316277
1357067 1358365
1326000 1327429
1360261 1361407
1359554 1360392
1323263 1324185
1376668 1376975
1310408 1311225
1325587 1326866
1331762 1332841
1342063 1342264
1319120 1320196
1368218 1368309
1382854 1384235
1330774 1331698
1343270 1344495
1341353 1342105
1373820 1374360
1372856 1374290
1358120 1360090
1330453 1330863
1399373 1401024
1366529 1366872
1336054 1336585
1365979 1366212
1352968 1353367
1309968 1310864
1324732 1325719
1345146 1346219
1372513 1372608
1421832 1421917
1455435 1456586
1470291 1472035
1470020 1470533
1447957 1449482
1442837 1444192
1466581 1467922
1407733 1408418
1499071 1500421
1497688 1498308
1468304 1468767
1487426 1488501
1492648 1493025
1456192 1456670
1482877 1484375
1419924 1421759
1431824 1432833
1463585 1465349
1480801 1481085
1454269 1454472
1495926 1497257
1440218 1440282
1470825 1471008
1444106 1444943
1459434 1461118
1411109 1411630
1425059 1426468
1465319 1465619
1495387 1497147
1442850 1443938
1481878 1482357
1402649 1402740
1404538 1406022
1486511 1487121
1419320 1421054
1458194 1459558
1472930 1474930
1404679 1405377
1418877 1419263
1499103 1499539
1420889 1420941
1411577 1412996
1450887 1451308
1457012 1458319
1438622 1439579
1495834 1497346
1411681 1413651
1461054 1461196
1496821 1497436
1488948 1490063
1469977 1470933
1437390 1438823
1442504 1443639
1467203 1468343
1465884 1466532
1498774 1500353
1420305 1420741
1446144 1447080
1434557 1434745
1415837 1417422
1499717 1500884
1439557 1439761
1466064 1467212
1449161 1450240
1497202 1498818
1493416 1494475
1415147 1416851
1470842 1472576
1482588 1484538
1408106 1408226
1470531 1472138
1485550 1485894
1474753 1475843
1467110 1467743
1412836 1413655
1422496 1423059
1434961 1435074
1433839 1435382
1481737 1482353
1468888 1469458
1476940 1477671
1487294 1489096
1464250 1465739
1431186 1432997
1498371 1499154
1410544 1411239
1478951 1479097
1460724 1460900
1459216 1459390
1448641 1449748
1498081 1500071
1464549 1465251
1412214 1412953
1414616 1414839
1400897 1401326
1485453 1486901
1449430 1450750
1431043 1432303
1468830 1468996
1405144 1405928
1446806 1447112
1423368 1425245
1491432 1493046
1478770 1480548
1438290 1440145
1412694 1414669
1418443 1419069
1495392 1495664
1485643 1486058
1421121 1422347
1466660 1467951
1421796 1422162
1476684 1477621
1441710 1442571
1450152 1450395
1447746 1448198
1497673 1498152
1495398 1496970
1466273 1467831
1497111 1497794
1446142 1446412
1446402 1446899
1446209 1447739
1409860 1409966
1414236 1414741
1411178 1412527
1429273 1431165
1446780 1447885
1402749 1404304
1482825 1484234
1477313 1477625
1454697 1455325
1452591 1452827
1467730 1469317
1462565 1463358
1470912 1472805
1418918 1419634
1460151 1460195
1442757 1443484
1467991 1468455
1435673 1436479
1477695 1479614
1404194 1406081
1491085 1492842
1494078 1494224
1418010 1418170
1457514 1457652
1462571 1462801
1427004 1427054
1411264 1412824
1450509 1450954
1485543 1487335
1494840 1495530
1461909 1463663
1454826 1455770
1474917 1475492
1417716 1418103
1435681 1436479
1477958 1479299
1457964 1459769
1423162 1424059
1452485 1452536
1458275 1459150
1467597 1468018
1403057 1403198
1435138 1436987
1417158 1419019
1464923 1466114
1466924 1467259
1432133 1433948
1473730 1475292
1482899 1483311
1422735 1423525
1421219 1422809
1490606 1491709
1439923 1440078
1458005 1458292
1458377 1459339
1494466 1495443
1493834 1494766
1427627 1427724
1481822 1483115
1406626 1406735
1426956 1428033
1415959 1417156
1481622 1481676
1429537 1430927
1427449 1427531
1463885 1464477
1482371 1483411
1417027 1418217
1405481 1407016
1451437 1453025
1410163 1412038
1408830 1409465
1495993 1496065
1466429 1466507
1446456 1448422
1446743 1448040
1481174 1481190
