72436 211658
196829 111314
85942 235398
51330 113304
120310 182435
150573 195823
15782 238311
132509 211643
18407 123654
29645 233082
132293 119385
205913 182002
38981 30572
233030 160626
23580 220098
93786 5856
168587 214693
1464 89172
10297 153780
246831 67246
107935 154480
75350 53455
72223 212722
172578 76196
40238 184474
41680 169726
239412 152901
213323 110471
229723 71503
152718 52278
81817 221928
18155 26145
61926 76508
227883 245266
67092 91553
99676 55633
189077 144113
65808 216488
97748 32630
204191 177842
43222 57207
205938 194463
233718 65378
117728 230727
42535 24033
111387 143864
187246 187516
121599 103125
175020 34190
96824 492
173905 18262
142660 146093
78138 162751
20434 72322
26277 93904
134739 34593
67626 60326
116415 133941
139403 20948
210690 159245
53564 209366
4434 134620
146415 26842
107769 51203
163824 185558
230866 225779
181955 109771
11244 33204
93591 189380
99277 203232
156517 136834
199467 72981
109116 59427
125992 160162
193477 127054
87020 99468
34332 86397
104759 240656
153671 138193
236326 49263
65328 27186
165668 157867
149915 180963
96097 206077
208585 141278
84752 205701
100043 173495
219022 214936
213571 2327
12815 110623
204412 502
172127 31252
216442 235636
38205 206592
70747 72180
212048 21431
147132 136616
246014 212925
232272 1145
56932 64175
202136 229897
32787 160064
84713 62180
178975 103307
145625 138467
241027 206219
222029 220516
61682 101595
113951 185199
135218 40640
54734 86224
63609 188264
197401 19014
111531 191453
151010 184063
178097 63807
31791 108761
79237 127553
70656 227779
150375 11130
88533 15219
139233 196066
50822 102236
105905 77375
69467 237862
80902 156435
71600 174301
66779 87094
186210 22281
248557 221873
34707 156512
58790 117452
28761 209423
244666 175847
131675 238941
230791 42673
27615 78153
112162 128697
200481 123058
61807 102539
93925 248712
83187 88636
172246 172460
244933 207326
150018 101545
44775 205743
38969 60863
84024 192803
38918 189733
223353 122883
128795 42122
68608 213334
192618 240273
177632 122939
100132 162759
228580 71616
142004 43630
112085 28316
60212 23502
54882 141212
75037 22664
24297 22910
194182 104343
89059 131978
30027 185626
2237 103110
240006 248921
55747 235289
137667 73943
44166 206730
59291 246207
23659 199782
57612 160827
121610 113512
179761 1100
194509 110725
119948 21451
63513 242912
99313 119155
182637 169520
64784 69175
120834 20039
6000 207142
245359 48643
61264 14856
154701 102494
198148 233762
184770 156189
164640 241241
30401 44681
87569 138379
34434 133693
49095 48001
157197 154539
190035 150750
80756 18268
79639 123418
194840 46551
35800 142866
136878 188680
232460 218649
187675 45842
149091 105903
52289 217656
145941 146632
113694 247673
26932 146765
21455 246142
103264 53772
245111 176247
229025 64278
86486 194139
195369 52731
202072 108502
201491 245608
140324 70873
139466 20805
31443 26935
102524 87073
89213 43305
128683 82558
64031 51511
93034 112281
231795 197980
36144 203135
205270 200316
237670 91311
219276 93576
172156 42889
7061 53102
35523 115901
64303 75354
214439 2636
60714 27474
201028 85738
165782 200087
365 172852
218809 72242
240589 112485
64687 104385
74709 163905
201417 211271
188976 179438
118185 184106
9687 101896
76006 99960
36559 129520
167266 12725
205055 155325
216521 4898
143488 148310
413093 439001
364129 291728
487642 422337
366944 298257
268951 462358
351222 322269
401254 255138
337465 344446
427882 389976
408422 436364
374921 323887
255983 368167
410491 370790
412626 408764
447227 439687
420346 361713
443192 393030
288018 354190
376797 456789
303254 470820
456748 342786
341087 402467
468355 339286
287369 446971
408235 302299
363034 299579
392514 345461
391638 470237
398973 409766
486863 381132
251519 304854
326978 406373
388099 495644
282698 458436
368798 420710
420475 442352
455616 322352
360567 350905
421365 268715
419448 370800
465234 348363
339342 493711
280673 482738
260579 487420
383255 484070
260809 478376
400898 482409
431753 468685
434701 265366
338189 360695
322837 446374
258443 418029
421564 394766
449255 480640
426334 337924
431211 320610
273676 431045
326821 446517
372507 393257
403404 445383
351376 322043
445535 381650
381721 320324
286211 319043
350950 490931
267691 467016
387473 285418
487340 367438
265854 372511
255187 339703
270249 322558
437105 365622
419567 302137
419972 421819
403407 287364
268825 429977
416800 437769
420268 408281
261665 498727
455849 251345
317484 403926
393550 309495
425431 335488
290437 408581
397999 274252
487273 377728
307679 251414
480642 373452
421189 350410
494776 420739
309419 354962
479827 253541
478008 319282
261316 292064
447639 298989
321751 354078
356274 389738
389945 262026
252822 352684
361512 410802
393052 456480
385557 255626
388324 301953
298460 408573
321544 325526
417046 397665
303963 485641
361255 321524
267206 344432
289339 348507
386500 261333
324069 359763
389267 390360
342117 467017
443350 486472
371812 428782
339487 276641
417204 278312
475904 346034
470801 378961
413529 471018
477136 255574
269929 304793
292705 429140
305864 451007
332225 333250
493390 359867
256495 315530
254435 345844
320458 332737
365748 279164
295533 307746
465405 389818
416253 455028
259766 479543
254414 385876
251590 412163
325590 309721
477656 260310
439790 338889
322234 457710
395429 364995
420297 293945
369760 482653
468716 436573
462565 265478
371403 257065
454295 454277
251896 327758
435560 363081
411451 272712
368068 354022
260759 448891
269105 383484
415420 387787
384350 374615
402366 296173
268398 419172
475359 469204
375291 285002
472226 311851
251528 465533
442435 405103
355145 250679
280564 274793
256552 296066
438116 473398
406868 417213
407849 440704
467647 309062
341648 340640
398594 437755
472586 310141
346770 307574
395004 414343
452802 288350
264736 296193
279922 483120
432912 331728
259349 264922
496982 260066
376023 297611
250307 430573
406145 278625
377524 487233
259459 268249
324753 277867
420481 411567
338642 425205
392329 260637
487958 472929
325219 332640
378827 352073
327086 381401
295768 409590
413061 291266
348185 408550
465777 281692
381787 400795
309423 400521
365015 363756
295676 314514
296680 464528
356683 258245
333826 376423
293383 427913
437571 444418
439464 407323
339207 495490
480389 321703
472778 354992
378750 386649
404326 341045
327540 391343
410707 475488
450205 365979
360456 380907
266862 285400
479267 288136
351088 264035
451483 340953
397676 274360
402793 320141
359370 471517
459185 351160
278502 337251
322636 427182
472999 490791
462412 489015
365231 449684
313094 492288
385170 326299
463179 433139
343901 495314
462181 473059
398687 310672
397163 342263
498099 453718
378234 290861
261861 342850
433487 387607
280007 415118
321291 316010
474849 477419
441750 369433
310276 470699
283693 470961
299643 305262
446898 431721
288811 457137
507938 501730
730265 683252
513655 705188
558164 502135
591529 738404
606894 680417
562299 688810
728952 744690
690698 742520
650678 586294
641366 524616
743058 600720
740963 647693
595119 542491
691348 653320
739530 642665
688829 583990
683030 745629
736886 577440
520320 565778
709514 608136
732563 597063
651443 597572
606372 587765
568597 500396
667579 614367
589128 649017
749804 642202
681786 710832
576322 737595
716632 572454
691754 549324
611394 594020
622416 647834
555266 644371
709520 627223
719298 662041
664598 618961
594314 739508
561369 606801
544000 519939
562856 625991
648386 703490
711572 590050
508272 749247
559335 554756
726684 531772
640360 598508
620888 529765
568003 599027
674233 543965
712884 654521
607022 589655
558845 542526
591035 741172
685039 701183
607007 548994
716023 657502
669073 606370
501550 742352
680084 744099
682382 601766
538736 542464
547255 715968
741930 528960
680572 625034
743985 679666
729796 581905
582271 652019
640148 538287
733153 719273
571065 594079
518466 748094
647024 578822
715176 676794
720990 748890
504540 540688
735638 626644
601561 745397
578891 530724
571886 582128
620580 537801
660191 719962
543375 574809
744597 745089
671876 642748
590536 598829
512449 706285
580426 570954
523063 552725
593061 632936
728186 666482
652621 699869
602793 613031
582217 656187
622059 705491
582899 588216
701162 608296
719169 523735
623125 707573
594403 685625
695806 713346
742836 530975
520302 689641
597524 642332
696505 543531
661892 712666
627695 670450
544463 687612
582039 677575
732571 680105
568360 672090
717225 523781
740764 702275
700871 551917
586485 565537
658481 504999
531292 612231
621037 667192
626669 698716
740828 615880
526814 531649
526722 749313
533613 515524
679084 572010
625284 501474
747130 601321
642563 693288
625979 514696
720916 561311
618440 727052
550899 704041
731307 609024
626792 702322
523016 687072
700728 642340
634426 504535
505403 718548
542950 595097
580797 634677
711217 736029
518106 505345
512619 629014
666987 634216
591803 674428
632695 605455
553974 590747
546526 636964
522912 533766
593831 729875
628381 689644
591817 679801
715674 655966
508872 655789
673578 563610
537639 660624
699985 700571
744701 693058
526310 607194
520699 621121
579972 615889
653767 532790
724643 683500
508908 524277
588624 566209
560433 577691
566032 673005
652547 726343
684862 721016
662083 520490
578469 644793
624920 724076
530963 669356
699659 614607
608380 543992
618047 543396
600366 650338
608048 661215
588374 738610
611085 716184
743917 518162
720612 550951
719351 660679
658635 564847
706320 528794
575738 542213
617439 742154
694289 742630
538481 722626
727850 699281
554597 600106
699983 746559
585413 697097
578953 620284
637010 645298
665383 670439
668779 638261
589171 718856
657956 708897
575936 606633
567469 543740
658653 701375
732421 744275
702256 651784
675521 598194
638983 527693
570029 512836
606815 722411
553887 548120
535666 510086
721209 707307
535400 654675
642521 602201
519086 733050
663997 501598
672288 531064
618142 699697
665958 746299
520584 615092
552667 721579
745955 564678
598289 690725
721535 504569
619040 678834
554270 669494
535412 507668
543193 591512
725317 616946
607537 607376
539206 634832
595945 525544
728233 580622
623111 682726
589375 583233
628398 687477
582935 543870
518096 529649
534296 603876
607457 640608
674565 725400
667823 575914
527868 551876
573201 694900
572720 731738
664089 654842
628233 547338
610569 737935
644634 588511
683604 636280
695836 546700
995542 750923
881079 898511
791420 807429
950649 842332
837302 795554
843597 889766
827851 882226
794538 943341
806550 868614
751571 871305
974852 806507
761835 768564
991517 941913
966709 844129
808551 994818
864916 989524
779608 907891
864171 868411
949200 996748
798400 907850
776044 822681
827332 855158
814197 834904
990878 948665
870240 826777
879294 960586
892700 757168
896134 958309
847436 899852
854906 823517
858227 865660
839371 871495
796042 767438
811611 830313
910803 757419
811638 920152
771184 963217
843699 803516
785216 903665
756813 884955
813961 884849
975106 856517
799123 991474
971828 912283
785592 916040
791755 838657
854392 763925
837875 868955
769592 879941
788255 825662
906237 902405
808623 769531
818847 851408
827498 922546
852187 966281
993673 988919
778190 988398
862983 756377
840190 920018
988888 884317
899199 851788
831832 904138
910503 941354
809818 763154
786512 814149
972439 770910
959893 766770
821037 937958
876706 873509
954967 791655
768135 795045
920282 779590
960298 762904
933685 817118
915511 854508
766176 888640
922595 837795
802899 820806
937360 791492
916479 774667
964475 890195
976663 828543
976032 844959
899042 973256
952748 819096
750772 993791
898156 860951
916150 756772
871876 894511
914392 940881
970903 915801
964576 914709
779202 798468
952258 813342
864055 756884
846804 836945
889419 824745
788572 786210
958418 810299
934215 857190
773974 784134
969886 935244
990402 972657
788863 796729
832149 940087
931362 873431
769343 931241
764881 934105
953274 937658
862086 953639
942419 936741
990854 927207
994732 759611
822448 948365
793604 837611
968374 938614
846544 909262
995318 969071
890055 773364
971886 768472
942687 884429
948543 812487
871478 982759
868409 805054
885834 758753
935995 960040
978710 835597
806935 998768
962368 973001
811144 886994
932474 790028
963455 774634
787198 927932
802016 991831
787801 820335
883010 765378
832772 796560
861896 810835
795856 896953
803755 865588
841779 806261
804085 810645
917721 843741
754501 790027
914797 850426
879568 879399
856004 924587
865770 750316
919759 895522
971573 818730
895483 851035
875784 782882
888599 980824
838109 967142
988993 973387
837962 906723
762516 916593
811948 793240
980914 860569
769642 838893
918029 805256
952197 787796
800922 794733
999290 794890
951109 846908
914967 950240
934612 822742
872140 773788
863718 930264
982592 852554
846649 973385
944191 974700
984378 966611
926404 835521
777093 993533
827852 836597
991026 890388
774306 995260
972735 760059
863123 992155
987610 888191
922812 857419
854079 978468
825185 866505
912205 953939
928473 837306
922810 832683
890224 760096
876832 944187
812280 857462
879893 872727
978204 849452
960271 823790
777661 758923
974897 948142
995792 864302
946706 993175
874001 797892
912787 784337
800547 895774
836664 786037
979858 926502
929689 886850
908918 991378
860182 900178
921416 985581
900874 868711
922870 900338
901979 824375
831207 904307
836622 830401
978632 931235
818494 896644
824890 990214
987223 817573
919529 940117
907062 857833
991472 925777
881936 871217
807500 894363
969756 987428
902718 897877
866656 944232
757972 796746
855037 871484
932716 824686
851148 763246
955407 887280
983416 884278
964225 920235
848479 928978
831302 873087
849818 756170
890486 818152
914455 781914
806807 893765
938790 790985
757254 828392
866635 844824
995009 901249
936474 861579
898585 764480
758119 869640
928931 827564
895428 819051
803584 882653
773578 819522
974913 845760
891419 855911
