1 1
1001 1002
8999 8998
704536 577694
881638 496554
370358 618997
915684 839390
355256 820730
392974 922062
557639 227002
453547 730418
72185 710946
530648 48797
403942 536156
996694 194639
357554 695370
600482 361203
644506 647715
42894 185304
190219 172884
632138 686393
403599 832208
372846 649283
412717 666331
651040 62222
690986 243839
596889 486324
408006 197639
813865 510162
793249 253817
258831 854599
461313 728937
705106 470697
600378 473072
425526 299948
388133 537471
234002 58229
884755 10586
536325 381140
101712 873165
985271 841683
297618 450780
701501 118245
779547 802488
563526 1267
77831 94570
685658 826095
30996 774630
713606 72563
751188 892958
814211 698783
273344 170535
645761 35180
707561 588323
897788 394542
18669 428027
119111 488221
235652 656674
8998 322785
54850 772357
510378 621007
951025 653408
540221 271260
727351 54193
884585 929577
871641 180371
539030 624226
44107 320655
760635 997303
111902 600112
606934 808673
392242 135031
255810 494644
352118 70704
43397 252851
290898 399451
267194 906966
293853 618959
823137 417109
562174 235835
486566 665409
852717 906383
345434 795384
172418 262537
539770 280098
302888 391070
73914 318351
537460 947974
98450 178974
218708 858188
809704 865450
624293 885808
821321 938242
756116 636663
131829 744469
499560 84522
668015 487539
513573 794873
171519 723352
555891 721521
604371 377940
710159 460641
729161 728005
296115 766035
189670 885555
639511 290494
721347 544023
57208 275890
406378 491096
849757 472938
988846 935657
915403 447552
326185 669917
473007 483002
989976 709195
876634 165849
615122 415589
534948 479483
660477 773167
671211 117575
170412 329928
210862 455645
96877 371894
936510 520386
81408 334630
250173 905158
407392 812819
98823 391758
911613 949243
577663 786782
115418 172131
573503 662404
134613 336676
57959 976479
262818 587549
447674 283165
629308 265476
701403 659506
921701 95865
183524 71965
616823 211919
97701 129663
365632 474736
635930 356856
695264 144798
389806 529162
624580 732735
461070 551999
764982 968759
626490 831370
765347 969672
495044 234412
63985 245631
436043 947963
667040 644461
409828 612231
15503 473224
91489 702638
614677 960466
323488 339834
923108 203948
743869 288767
217816 698705
498147 296638
816817 196879
938551 196371
940007 367467
496151 132536
408889 635498
60399 662918
885943 17191
663141 846796
461207 225851
462956 535222
883301 623514
989011 535218
481569 471226
826426 150891
289908 673004
178907 49860
620627 598051
54433 440428
518531 77988
966291 498073
530366 375775
260910 263973
842430 680206
547197 431567
341885 280791
838083 566162
783679 8704
328705 126948
426293 407188
812871 572060
297481 661016
682068 423199
490138 599871
584708 986309
351264 189225
186323 572974
457047 267017
913677 135692
917696 164201
531969 918904
700301 128059
394910 783714
818852 367245
579501 487880
70015 506713
563678 29813
896037 275984
449770 48045
376414 660355
774505 489461
298554 761163
329807 305586
529248 223220
652789 636461
633834 897782
174076 907356
807768 612347
6310 21576
434463 331266
865679 18873
861401 618875
901512 418671
421808 419333
669192 749223
980864 971863
619501 174945
279539 724794
576411 967741
699305 949291
307084 644961
285824 122507
870782 650973
68754 685623
117687 664314
220448 154166
234901 931653
871229 98883
875554 231346
119104 59282
183871 1934
727885 626003
414361 347365
198190 532444
395252 491201
383531 75784
925211 860295
359834 555461
205046 872181
632985 884141
561728 6289
717279 501931
417040 598926
93644 241010
630800 389673
616042 20506
211291 72734
124041 350823
381141 34760
906183 550180
374771 900018
880704 229569
548558 135913
975399 693772
191517 594549
850498 858289
276873 616501
715434 491143
320684 408551
770344 79768
336916 421053
802519 384146
74589 955939
976879 269281
706016 486314
506864 593006
662268 438151
293974 610008
12171 958669
601851 209941
185947 594696
313599 90684
257862 284606
376434 205579
668007 745244
66057 423851
113549 869040
372138 314479
180241 849406
96764 85321
119796 99098
888927 834765
901754 256827
700127 964897
126190 82259
846844 694054
695536 970552
862340 739425
530582 45204
678301 387184
927609 795503
839236 939165
575489 368574
694049 568260
106308 82443
153327 387671
398817 807113
920361 860839
902017 478000
629376 975434
397335 721361
470912 366276
268293 232311
688986 133464
846933 710926
706721 677974
385730 136782
667617 735558
862226 612092
565781 918682
840226 558996
232002 429488
18162 899384
872103 950865
706548 576434
401015 258003
937973 900193
594695 136191
915961 582060
309513 368972
891926 20002
830893 596587
955130 637843
505172 587018
311467 395897
30725 725836
127146 532420
424607 832800
20256 252130
694854 600703
978095 794606
233424 94116
620228 18502
403113 168606
983328 692015
609993 94018
186699 828762
213034 896976
170599 22788
105956 776157
568814 581517
781565 6177
552205 40180
119982 497892
180487 62293
796540 858820
688611 852134
697892 313353
857372 306685
723052 308278
183741 87013
464995 394258
39927 334249
642280 318486
482388 427115
567317 355138
853480 673489
531932 576154
148979 621906
425152 828966
948498 874615
745264 245197
684109 103616
507067 464741
45873 667194
634182 914620
472466 242634
749989 842789
195155 902030
262536 181902
567493 936604
639995 687606
196329 191566
461925 646632
278010 649180
629799 628577
957402 766808
105541 20803
66987 671847
550769 92890
267332 965327
248321 187977
598340 582628
365505 163099
478299 924126
624717 768370
107654 726749
621402 382983
858048 876366
728314 124085
567691 986878
945949 844513
989532 219729
982981 160173
380895 788328
899057 302583
42587 513383
202761 857634
53541 216078
408479 32046
725462 282150
96764 201037
536961 209116
624309 951450
62934 936271
952170 778174
540847 778307
754785 545740
534229 121552
359021 41934
221605 765871
883867 428126
905979 148901
322172 777020
189572 670312
162448 80349
590349 256135
598056 37201
159752 145625
796092 947765
105699 784484
771162 628195
327750 25738
32225 166387
681596 113708
109968 330357
17785 762892
292581 15254
519723 482150
313601 25314
171112 339455
722870 936652
752571 159186
203655 827029
870714 914457
473671 691087
189504 329394
929565 219988
649263 294713
402197 490854
632401 365818
719638 743673
358340 402514
591936 395735
608448 665362
798832 283603
144299 320210
561873 981142
469379 393664
145282 943073
685013 695650
873395 106250
52617 658661
945005 73484
814067 774056
856629 467252
104237 349152
284844 332557
489682 424478
727706 86614
385610 427663
428091 813938
218745 107957
143718 727145
992107 184989
49505 864270
382669 735956
35778 165167
55358 324831
192334 44865
937780 363190
518728 153439
841753 478796
214443 181534
190739 143644
2947 709788
384488 631746
602013 152630
224295 119806
15859 791711
814002 712858
132943 682537
938846 605756
401628 768826
790447 48773
196864 395503
272619 163376
121189 148139
974950 194057
636854 741139
498760 308666
507881 856793
268970 975684
955821 966717
209166 517675
902512 590638
855088 992419
682907 648245
580467 559349
739490 862051
298308 536
808584 751397
734838 44506
575945 522032
505633 612542
549373 414204
788759 496347
652495 889540
464540 800879
963823 64421
224876 442729
322034 574242
478423 201101
958891 377997
164886 351111
511570 37064
853984 985985
1318 209124
6556 543466
698566 209811
153984 821059
700042 381384
631393 689145
202521 662130
305231 605429
649362 520525
388744 549835
742963 699631
810777 74515
795090 565114
624606 106810
711528 761307
678191 234962
697534 892547
347392 374226
55 70994
333318 493387
138999 192897
516535 484800
978417 811251
585158 31013
583905 660707
696997 417213
119221 931672
575542 380675
280521 985057
782302 211075
189005 582030
436990 46985
585507 728409
492561 245379
705645 779096
509050 560451
135005 990982
403533 537353
521586 310925
65751 163700
407177 967900
651621 719929
620697 564851
85377 999448
531651 858873
695702 298256
253083 587735
496784 134945
34454 15921
796947 801472
328964 891615
565281 135053
592642 595021
161253 509717
399444 180217
315217 772113
148489 335531
589587 862987
182707 380921
355606 447681
566752 608023
933048 626795
467466 725822
16196 729889
2004 287572
857119 895907
936996 748351
700278 97503
443218 217375
690132 378204
525978 455300
88101 323344
44997 435708
874052 817974
226733 820356
280906 106024
272747 406960
769929 653457
140191 425341
841467 919953
527622 524252
499905 939384
970422 598788
305465 887578
48380 969551
590768 640086
169382 826558
61196 448267
721441 217269
763836 491647
224136 453423
493006 355267
497905 663259
925189 942841
932698 563860
214647 774510
170118 565106
712719 652272
242706 557813
276847 469451
968935 535268
954212 969583
782254 419443
85427 281079
306538 663443
120731 177504
407050 832416
817865 438487
237036 319610
194094 861149
332267 203290
261173 678341
103440 895826
844013 771954
591000 206084
406399 966752
379016 194103
674697 752760
735916 921241
161471 615601
471123 631162
355387 611634
906639 812332
757122 720630
334003 962780
548234 508777
587035 790379
242014 890751
180689 704029
402209 308778
121424 579028
693840 518858
285140 451773
420248 950280
804940 755147
172478 471977
842671 901752
674868 671853
430029 156243
786037 161873
981719 411205
717089 437164
576738 493554
241964 947335
975560 752767
540350 172578
82022 824608
153963 271122
830347 484839
613652 568159
435229 39945
171741 40425
853631 409720
56715 584637
900760 145262
18981 700455
546550 37188
212213 700930
658104 564703
477792 726382
545192 448793
115142 787524
890387 689418
176977 634560
11757 728188
95439 751395
467277 277854
915397 499203
526405 122655
60844 751241
174108 425007
715509 825196
798691 55669
833063 109858
373599 301133
626954 237381
1644 873645
479916 806631
764863 233846
800014 119216
434939 861353
212814 70009
986245 98920
606837 185527
595694 99209
271511 226311
179727 465162
690180 129819
418755 547621
55203 304112
231303 616878
167643 827353
316844 425086
339937 989040
558620 327332
995483 461061
945570 304985
175009 452068
699553 950566
717326 616583
663957 686143
770022 695082
651242 110837
74996 960478
934428 450003
532733 613702
763731 117723
884085 868154
32631 469578
829582 954281
52635 372700
503189 834654
858175 188493
370748 236782
929227 699024
602746 8174
109822 477853
68701 103104
259050 331438
473528 117488
957451 376790
338441 205019
754246 321745
310847 958048
571620 532780
700079 2854
156516 858804
46692 359337
62139 803737
319507 483091
131774 175924
660384 450547
77832 806438
563545 344807
890318 597511
347118 114030
730111 213658
926685 939254
597722 919736
245904 188651
573745 501091
656781 205265
423550 630196
165780 203228
164538 481656
657232 765699
496626 269378
842105 190376
733224 42485
104902 92556
796068 846574
33878 189065
712549 273704
78203 973491
108828 467992
757354 249221
505876 270824
238257 961525
912762 409050
908428 510239
147850 292022
274837 96245
839678 635252
130209 525690
450507 942122
660432 301036
197493 806866
677376 609609
835760 740670
286322 580205
526239 209252
253632 293353
674072 745300
393027 802473
616672 630558
362252 847331
572026 546041
499910 675065
691524 448142
241146 350780
294818 858591
984377 61462
645332 565072
517857 887842
979358 186505
335506 158850
720095 537089
290822 866003
25302 550845
866799 35551
443523 694799
598165 773356
856688 979449
120438 429817
394978 439183
361793 63569
572395 168679
197361 740996
552990 732345
710762 939449
578735 194931
618181 698255
292698 955188
251503 988208
940327 476006
642004 886781
686386 213414
1627 826882
228187 688518
920577 380461
211188 726478
398390 474363
923837 320653
784723 282753
147406 620363
816749 103742
569377 599502
995714 784079
924108 305220
450701 172259
71062 59097
745260 170475
834075 274628
562662 896050
946449 309857
591804 804843
258326 649551
278578 720778
731605 42401
894857 135635
788444 559825
5983 296952
693615 195233
358721 666443
749067 80601
388566 372466
870126 434839
581903 663355
940627 644134
948931 784518
77374 986788
902433 776028
806400 754820
987198 561564
372227 924277
549181 420088
754415 983608
156425 610511
102288 627612
474426 31341
5693 360114
324424 121176
706665 610710
90040 729819
750793 958704
577309 22034
359753 529772
755290 251276
956972 953777
211058 582981
631689 129187
784764 313379
727915 302289
653845 122392
19415 4403
642406 490687
61631 274140
621156 178376
360562 13390
18371 502534
54579 415359
138577 904736
959007 51020
805147 167257
795002 868732
138052 302820
786836 491547
967183 157256
918884 243660
101319 713722
924480 293334
149437 191749
711994 994286
290385 173630
783759 585482
559709 290029
894228 941200
975953 756000
755157 817291
211108 207480
901487 815084
353205 747235
922309 303783
596296 857496
815643 936404
338938 122592
990636 249667
875956 681388
366814 815927
795924 809841
679719 712642
11824 3480
952054 419109
501143 904932
614040 40714
93429 88007
482915 531463
864960 780554
817025 955530
378699 493773
549028 921588
716293 418715
504337 762283
382528 937909
22310 324416
130387 619634
886128 20099
330124 786361
230413 249405
952140 933626
608391 375693
101194 882758
277109 10216
764546 124922
42091 724194
160491 245519
5072 52985
699278 739407
980612 217589
611717 121549
537296 973350
101822 187095
503417 583978
267980 247696
960741 575880
140342 57704
758333 377999
660303 451510
75890 587812
991481 964116
797047 26729
711113 16053
845817 764936
801995 6708
308011 793985
925291 956392
326043 451499
405566 578873
338584 572344
848591 874045
901230 896040
659988 847929
745840 742274
404654 443635
512064 599443
268337 213106
764647 141917
271039 348595
7775 60268
828881 857569
540933 677724
925646 927414
747735 292960
930246 559809
215399 252776
936541 460715
206788 215142
454273 524841
52152 844958
655017 380441
