615449 893835
855011 925117
929999 989023
212576 351803
949508 975424
510433 841623
954909 976714
972699 998031
758214 962798
617938 924591
928393 968480
906442 983309
568973 964140
731661 952833
892322 954081
385133 669139
427523 469732
510551 704647
96919 614047
435328 710443
526706 913078
354438 633886
16755 248786
339146 704854
214654 837140
428 39210
638017 858631
151823 709741
801872 805228
274252 587558
300685 708251
879540 982066
739006 747107
432723 671381
835883 856820
547536 932175
718620 834395
887033 908923
519393 892414
12116 669133
115937 414869
812877 903985
380174 561029
796507 818846
288190 973781
974828 981103
400115 878151
342826 736842
367020 430522
484745 614901
199616 998155
577960 806938
859902 917521
898311 959974
348771 623442
525114 857174
107947 375120
27649 32450
943705 974464
414052 835761
775984 798275
922785 960233
69009 445759
233904 631890
662922 936101
814833 894489
574579 839122
855363 931267
323625 692539
193506 457048
195567 714029
476071 997940
685830 787772
199484 616849
69111 362652
546386 910426
912755 968086
222216 538434
163865 278278
905042 920194
620447 877515
646080 787401
222361 254249
659376 799251
676510 766800
956432 989293
583215 832790
384738 401056
887963 993657
950301 982013
741537 829430
599553 774806
348722 824613
920079 937500
383657 941295
673235 712089
612350 699252
817306 967309
892240 958430
37145 287073
20186 562904
573943 732935
306198 793735
796878 961634
155541 165935
891648 997982
564536 928343
586754 610345
499230 547507
561960 565221
480151 555469
433286 693246
511407 730311
932630 959970
267781 910520
743328 948402
322308 528739
226046 553379
906395 992268
774523 884060
530867 750817
355339 982790
368913 524256
482208 534940
100389 627913
748429 800196
769877 906818
775409 926902
688873 751638
795807 871711
755358 910217
949777 972330
488345 574042
839577 970373
438531 528375
317415 341195
811339 884946
273685 417885
715135 941246
741676 820175
424245 592703
699606 934237
924925 943815
80251 114910
736632 801700
756096 858601
402012 536727
15842 160858
393599 807563
981168 993397
117275 800674
77750 781332
237085 355908
752533 802022
268026 287237
890484 919067
81383 697311
93780 578471
498025 892488
888200 962753
205121 983141
989588 997847
810758 867943
381423 700158
933323 957755
207662 628456
288573 676272
639867 725362
539797 912860
531939 780635
664058 893410
724583 792212
919065 920822
162156 236601
571745 969308
29337 887765
918010 972343
902309 917368
444029 905348
706814 758919
269892 374301
871294 886423
190289 226481
285202 830489
545759 681329
460024 944967
22842 338244
966229 979406
771378 924274
933520 973170
687976 711497
726144 924263
642311 657764
714082 793918
223314 226877
192152 596964
575106 749051
777149 913063
802892 956225
238930 432833
150693 539032
528749 976687
94702 861594
240084 733459
838278 963607
127400 157606
737952 936737
797819 888298
371454 942267
132442 820116
114261 687845
372985 457759
777151 938285
740780 940795
696081 904334
385679 774113
538584 587464
463304 949289
260295 283254
810992 879098
60676 915630
728825 838335
536444 538186
815560 986042
494947 513601
944022 960060
144006 896701
15039 931469
951826 971773
75808 968494
13471 146488
325381 437031
647300 966577
632215 774159
744457 906459
386500 712552
763593 860549
922334 982773
82367 682344
816809 867964
827112 856864
22360 246977
109422 791909
135898 691573
112508 812198
935317 996234
876658 906653
509666 588021
887882 938699
734362 778455
78889 707229
101778 152685
340227 380953
733909 915596
878030 975875
734044 874124
536661 823836
471007 697389
59372 333374
362439 927637
835743 998420
97795 653635
14214 818239
556353 709072
783564 893012
188298 754104
289637 730572
444961 849480
836177 964780
559780 943829
293486 618178
670482 935034
18725 646449
116922 462698
484275 621040
131486 397831
645230 982356
471251 536627
258203 503047
265058 635183
264756 779613
246826 570636
897855 990713
2771 227697
978346 992595
890361 951727
491558 491887
475805 692038
816259 960439
88196 909763
277414 486792
942232 997270
351001 983795
924190 953529
375333 967221
284031 807766
217383 588904
1642 129059
125805 895043
286325 655707
941420 969911
326027 986258
861358 943020
535829 941431
372389 644150
118322 384686
218647 353177
45205 862225
673384 914967
637041 716032
423705 967986
96652 323602
616277 853900
925639 931340
596053 941737
921175 931317
412365 799326
378041 834773
349360 944920
57280 200887
608952 778109
172984 184996
620400 881914
718894 990227
317699 951756
753820 772724
551087 702347
172599 655484
419938 777965
45745 186269
713002 722093
718686 850782
151621 658931
224303 385520
369621 965600
879554 918287
610960 843762
797055 844143
427066 790734
167148 923210
371249 418421
265920 652360
126291 699818
477962 945218
977299 987881
858943 905491
500111 597944
329753 921034
994734 997776
522997 921269
947389 967818
882494 969947
493478 786253
782510 973605
326455 709448
832658 938953
26810 207930
235891 848827
646615 801568
981021 986184
903200 945256
676498 856444
834262 890455
625981 695619
194052 584319
989905 998439
17818 609825
891714 936424
600880 935045
383760 629715
718980 809359
321875 717893
86070 814293
502579 936452
354962 402228
891722 955315
348389 606267
154146 601918
92550 865464
474312 819036
538187 624902
347637 878801
546889 687729
560704 675743
838084 946687
265505 839527
800058 811405
82002 612663
544057 832122
390784 685923
455466 893821
922711 983967
115504 301846
483564 608176
289018 440803
402939 972639
459517 683988
852807 900535
665941 732920
833950 900425
440696 619864
468944 480919
276324 827062
191828 844407
60836 112963
477119 609847
876723 900670
487950 556613
296182 975316
702101 814088
365320 872903
638378 837276
211931 294364
82322 684916
243631 487002
259714 529660
682986 786239
822229 971562
800600 925410
626679 814867
387260 920664
864499 948313
574585 760274
341349 589434
995759 996424
653359 978812
452740 550362
562559 960034
366536 926269
905449 952940
643940 851054
745352 961209
27176 945229
275138 373384
73066 379220
528100 949604
189300 527181
866495 914030
776806 824198
255190 712454
214306 823340
679588 898941
741160 780591
412498 585484
599200 999456
973483 982577
85300 851057
817700 959886
712165 745266
518152 807689
867961 920201
9555 882432
909311 931342
639414 643880
145296 482461
435413 990773
776399 896997
847815 876062
137734 222863
440474 629208
632902 863759
289378 859871
361250 596629
691798 807780
886123 911253
583143 642013
414790 841167
7067 809018
710017 862711
64752 285571
162599 702910
904652 924899
745689 871453
8805 972966
324776 461763
810301 859339
43349 413751
931253 989160
761275 935025
28862 313718
163138 454462
379098 438599
131420 743434
283219 555163
369219 549133
754057 944445
942790 943628
267609 273660
45012 616425
191097 879291
100617 200196
322689 402063
116021 151088
98633 115882
837388 950378
184760 863389
299250 562811
392561 846641
62599 452017
392528 403614
878156 882316
353145 667700
36818 224742
597480 880589
141816 411922
454937 581922
424248 919811
607171 886156
739501 884118
423096 730626
79667 883260
590973 894610
736090 761741
865646 866954
224038 584828
503710 846829
325592 966515
157648 625913
962504 981465
748916 953482
600989 884125
568350 770816
423543 434139
10299 819650
415649 418099
547852 789705
70890 638871
66821 837818
794048 976003
318136 764422
537877 711512
369064 394822
666358 985582
801987 946017
419380 784427
674473 828315
885428 961179
433544 948180
784532 903799
682945 919233
586960 606228
619200 986886
238256 524823
994960 996045
661728 942045
142106 807351
962495 975519
788107 959387
423050 733673
144716 612204
184627 585431
175940 713805
231332 676079
536881 580855
741886 803541
366627 793082
410770 856401
558499 836212
590944 633631
715279 853308
993968 996219
919564 968544
168553 679565
42738 104143
190978 460022
472087 793193
764178 781379
602975 677280
939331 986715
906086 942651
912873 986658
425687 985106
319554 832285
301851 593511
138033 929545
328931 871082
569988 994944
354951 687737
431958 829870
673506 696247
319592 740117
545113 704705
146282 691610
963071 981054
240294 406662
748836 819392
504929 648857
628794 722484
966770 983188
654440 897949
281093 927625
757493 825631
456479 952548
612375 661097
477652 870778
874350 888421
703462 725235
857888 891383
95437 615230
371591 476682
424244 973148
756390 918410
408782 625406
452720 756875
138958 530827
256408 972293
404832 649870
69226 535137
466602 554206
937317 992705
199064 964646
751193 849926
232515 246256
621815 924800
964459 996419
189593 628040
119132 534885
858187 885236
410500 593991
979221 992899
745607 872540
814738 822948
343838 613144
657606 993475
686121 998684
330490 787050
29122 714075
654403 879676
642056 838837
572968 815396
256305 658984
403041 709800
222582 716305
831795 977309
219340 600518
243312 366079
311858 412390
865258 890826
85913 823057
795010 843089
421180 976426
715184 910967
315667 962327
870133 896253
163257 913660
350729 440226
195023 254157
60305 685950
735861 844391
17941 372364
570818 801403
396733 900770
117515 824421
932696 970403
964169 970828
753385 938269
572629 844406
341943 723567
449214 944332
154713 510955
79528 163063
288697 600741
958968 985892
143698 588624
443008 595246
795196 934749
929904 947036
664859 916471
981397 991057
926630 983274
918720 958824
808959 984436
290090 640770
499494 646580
933510 977624
34984 66331
754743 978848
200317 911795
664018 865055
829976 887204
19049 556112
651076 762844
964836 976248
595664 811970
274307 580417
257462 430043
243087 616265
572885 975975
592682 711355
192619 421499
658946 715753
573754 770029
89081 200918
177251 327633
413512 561189
997341 997742
224777 521954
373163 934983
268852 331407
608197 693586
927659 974510
73891 471364
439582 579523
377463 811809
211039 258896
188310 452905
689459 800733
603596 783658
190235 616637
431696 939632
786819 985601
861070 911659
829068 962658
633752 722044
350346 830986
358960 520726
503810 525374
234877 444847
715282 926334
869046 876574
449900 542823
826126 948104
327958 387242
822724 824134
120619 514842
504992 652315
904729 951157
797211 972672
360408 468752
691384 909353
675792 676561
456026 514509
735906 806555
477154 662264
338315 839381
542013 674132
258250 502680
117323 188208
849010 863418
143861 859943
868484 914301
434694 937169
819917 919480
335437 864482
412760 566753
558756 632595
206340 798566
344946 736985
239404 332289
210421 450144
756259 846271
519965 581660
62448 244835
56588 894347
865544 892857
197404 920542
394322 594572
761990 853428
112941 471001
181525 698961
718423 789510
678196 837234
628002 644246
109714 934552
323886 888781
626969 723839
591795 646211
160078 525172
688596 848664
353329 374436
972634 983784
362426 757970
350656 538090
530726 561585
472238 615327
848375 967093
978871 997782
920065 991170
745071 996385
101843 771808
550078 775011
823898 986694
55483 953299
270435 959328
522604 643596
849423 957345
221757 981349
196793 597520
262520 277627
97417 273208
284642 373348
211923 356710
508179 905283
196359 458351
873389 945546
487800 901493
654748 719297
439639 640159
104888 913176
955275 991387
173100 225128
79992 826720
820914 933733
513238 700127
334240 590779
363528 854298
870385 935286
277110 626482
561477 773491
603975 805401
519042 539369
579024 583799
404819 928594
661774 954712
568806 671544
943317 943506
878245 979106
132333 577540
735948 915436
323918 665136
152836 967467
751058 812946
203336 851300
688918 702820
193934 447213
770125 895473
51383 459527
75533 713535
123940 877507
93654 843067
180331 227835
630896 684567
100837 355739
230527 846108
680098 969780
483134 934054
903279 998700
168923 315212
218305 613920
323903 603678
63992 801551
460003 509813
130624 146307
536012 904966
576288 926128
288016 777017
758896 908025
34169 912528
253123 858000
691265 813517
100301 634103
159423 733998
622157 654179
285429 783999
677666 826127
479529 573652
885109 904099
878744 967347
583206 711036
544289 706898
434717 749884
623023 849161
965545 979341
381336 408700
347239 938663
902456 990235
512011 826373
970199 980233
976881 989858
955359 994519
92517 202256
819398 835916
407758 550344
825652 969835
277425 839913
550357 789769
125332 178834
271244 425124
657202 767704
446833 761569
695545 826135
308399 429325
743697 819837
423471 783393
634051 885920
638993 969796
536063 662677
441402 900088
331410 705864
58496 714350
767480 847935
968044 988771
637401 953420
831211 979776
750821 771953
997511 998490
35151 919206
566393 634349
729476 798122
989271 989455
124032 317928
388554 908349
345669 994545
601709 682754
181374 950922
519754 582682
375004 416585
795141 844268
186282 437521
811491 855986
507926 616958
103751 890991
959251 990951
3729 135387
937105 993555
787613 979417
463326 720533
687755 749722
264938 724221
584129 895872
290699 799176
281051 569154
702300 966630
598962 607008
549762 887053
566573 708910
362943 419395
525905 662533
308304 539553
741547 787588
402589 526798
571002 755902
240007 387129
298843 751593
233948 995900
312743 861898
694030 896830
605596 972060
286990 683212
727561 852608
204413 788470
758809 980884
180000 409543
497935 611823
199468 498304
367903 998180
178322 533621
872811 883323
713461 762483
789086 911722
516041 767102
249351 606519
896755 911202
639234 843807
66290 799735
209134 874196
45775 433039
542136 966254
234391 561108
359393 725965
47607 481640
634391 858731
838069 889579
267504 278084
48133 874422
665362 805164
918905 983987
552534 943989
986078 996544
28748 325988
470355 830333
700140 767630
763508 851017
333759 486498
589831 786735
741164 826444
908993 972440
568768 907495
889393 986916
322598 691900
804940 952534
892415 943906
92767 357333
31502 956179
784799 890651
777502 860342
627619 795796
189350 686821
103216 567431
461125 764245
259584 995449
390226 876106
176115 810833
593403 718291
327980 571690
175898 831080
692573 907185
999649 999795
617992 938799
862392 922956
