1 10
100 200
201 210
900 1000
138208 138245
794944 795151
325970 326331
734921 734999
484017 484308
96236 96567
515647 516380
245589 245850
588207 588247
381838 382212
721221 722011
129214 129721
614975 615106
598135 598245
34234 34384
67327 67397
382002 382293
453707 453917
505856 506476
233202 233245
92394 92634
531798 531867
869739 869748
371342 371855
172442 172487
891054 891108
44724 44901
173578 173652
359242 359476
698723 698836
13593 13713
700643 700664
34893 34939
509134 509374
80883 80983
121665 121771
112982 113347
388774 388839
858587 858882
291413 291811
454719 455309
256940 257364
673007 673125
487275 487516
583264 583576
770602 770619
89032 89334
196366 196524
432159 432877
561169 561188
744249 744508
83402 83502
162507 162965
65360 65483
283329 283349
873992 874255
822105 822231
684513 684723
837335 837459
397942 398424
325006 325039
477812 478346
264284 264288
573878 573922
746323 746952
793342 793449
111549 111924
528509 528564
94012 94044
138114 138424
724959 724984
133656 133764
127869 127995
429284 429498
287629 287639
784714 784753
165703 165755
178042 178193
136293 136460
85616 86197
690516 690517
693477 693801
209959 210012
646176 646678
275935 276785
563027 563330
561641 561717
697415 697532
334797 335584
234550 234713
64797 64904
103941 104028
700185 700834
718756 719360
757982 758198
869454 869486
48442 48514
544003 544193
162480 162662
180458 180597
142844 142988
763545 763590
284998 285094
604198 604466
758725 758762
343601 343709
813769 814481
692812 692867
503735 503735
850484 850994
348042 348336
884101 884722
555269 555319
389440 389670
506949 507440
24112 24535
296430 297022
27926 28266
67525 67539
309079 309860
322900 323115
115231 115451
247300 247602
37730 38412
690722 690934
306633 306656
362589 363161
770268 770793
279893 280424
683385 684286
156575 156888
686028 686297
145039 145640
89448 89578
723068 723092
616462 616741
258443 259255
208700 209064
770764 770814
879543 879842
631760 631929
427309 427480
77663 77930
846251 846316
209040 209864
591281 591630
336841 336920
410175 410648
854841 855333
211944 212419
301068 301073
450472 450487
619629 619651
452353 452733
453267 453701
881462 881921
446378 446601
729364 729656
531243 531516
14940 15151
168832 168891
63609 63661
129610 130381
881821 882029
443302 443370
429345 429813
69857 70298
629244 629348
134533 134834
414488 414635
94831 95137
693947 694057
863409 863419
70700 71030
882041 882227
754679 755006
478700 479081
805615 805621
11260 11459
116859 117224
7752 7909
382530 382785
531775 531798
246456 246485
209887 209924
196301 196853
59102 59506
335314 335692
193446 193511
322589 323277
96526 96572
582226 582452
139449 139480
405981 406025
584874 584965
70649 70719
156906 157020
766473 766602
212171 212512
473044 473097
361807 361835
801991 802307
152336 152353
458802 458811
510426 510478
772714 773009
420933 421828
704917 705620
782446 782872
149945 150110
352861 352989
81305 81470
232359 232889
151266 151707
662916 663361
126807 126892
542687 542798
662650 662689
794932 795040
865224 865512
605220 605307
124153 124227
627666 628250
664144 664213
329411 329502
832550 832943
740097 740106
295711 295968
803756 804374
831725 832243
895071 895075
621580 622450
867590 867590
816125 816475
545954 546274
488422 488717
282277 282433
35319 35319
585031 585782
620214 620608
407165 407718
114149 114293
488307 488398
661978 662000
80825 81657
876669 876788
497692 497987
331864 332115
836490 837027
332158 332617
66683 66698
893465 893466
397139 397944
448589 448787
408017 408437
844585 844604
184105 184158
643736 644129
598083 598087
649652 649905
120591 120599
68220 68573
625447 625513
684965 685155
506088 506193
516744 516916
830534 830577
297356 297433
281315 281333
548088 548774
189166 189217
488231 488534
739797 739882
536363 536468
806875 806933
701177 701270
231534 231955
219773 219806
682115 682231
116284 116497
258975 259086
573210 573266
890195 890264
775897 776260
434522 434972
173575 173705
569164 569253
94442 94629
836223 836728
77666 78084
550967 551176
9829 9966
90202 90406
809105 809151
254446 254570
229951 230507
54806 54944
267058 267058
898789 898843
773234 773473
608734 608947
502540 502646
143749 143750
506840 507273
613937 613964
885186 885186
78475 78787
777519 777603
535843 536532
424420 424424
493971 494298
470701 470741
852785 853017
404969 405509
691561 691918
616712 616932
428232 428655
228661 228729
485414 485922
96678 96855
200709 200730
403092 403260
46928 47235
284238 284975
653771 653823
428168 428369
48999 49064
753208 753292
269867 270042
100192 100232
702715 702807
412080 412427
283342 283379
613567 613682
336106 336158
339623 340392
291788 292036
255227 255295
749992 750089
286992 287404
809354 809393
718072 718091
180980 181496
802916 802992
85713 86338
263491 263589
568731 569230
329745 330112
597209 597468
694772 695486
789452 789807
601106 601207
7517 7955
20196 20283
573851 574453
250126 250353
259419 259429
845958 846521
463430 463521
250229 250489
352005 352432
200138 200583
531894 531895
714751 714959
242493 242595
652026 652492
695269 695530
42348 42483
338226 338841
673535 674086
843920 843923
822000 822199
130623 130677
647570 647737
253495 253733
627461 627918
652480 652836
231980 232033
692881 693274
260167 260172
823000 823005
18879 19269
4607 5361
361514 361520
845979 846398
514340 514543
606197 606335
322814 322894
830036 830469
382924 383569
53500 53883
144745 145013
816334 816335
869356 869486
760425 760526
850028 850496
89003 89074
44666 44873
780537 780766
227948 228603
473451 473506
279571 279760
668784 668927
246035 246185
508805 508966
205977 206850
672882 673025
439499 439557
365757 365776
11180 11465
747487 747542
354930 355082
656662 656865
257335 257617
730362 730375
194894 195095
891333 892097
585236 585722
743069 743402
271332 271332
294828 294957
483210 483252
297827 298394
361295 361320
476231 476264
183350 184063
845438 845647
29030 29185
487466 487608
340163 340557
132175 132503
704221 704948
597076 597268
271366 271439
715577 715906
416268 416461
772216 772238
597396 597417
21433 21517
303097 303274
509242 509533
95232 95521
178564 178885
352081 352324
552544 552553
370832 371004
842482 842622
44474 44855
807528 807530
859860 860221
80600 80783
66163 66166
570993 571506
344123 344274
269695 269760
605820 605881
223159 223224
494871 494904
189600 190032
497769 498413
681874 681974
202987 203226
178460 178668
481944 482520
743592 743854
349798 350058
472538 472588
188176 188282
687649 687677
563974 564087
39517 39579
654481 654605
237095 237150
796311 796391
739111 739761
483605 483652
692679 693121
562716 562723
864052 864314
878846 878914
310898 310899
188042 188272
159906 160712
415866 416131
149187 149584
566314 566962
188515 188533
762974 763148
301214 301703
610887 610889
615852 615864
309550 309825
446328 446375
174005 174005
751458 751525
345538 345919
552015 552639
486990 487363
227475 228374
31671 31810
438903 438924
340560 340639
225803 225806
525029 525121
637164 637523
606400 606563
583716 583802
382632 382697
793609 793896
828728 828760
156713 156807
591904 592160
305722 305920
398673 398736
848164 848292
87247 87658
178805 179251
833861 833921
232521 232776
67101 67313
545164 545445
885285 885821
631226 631362
389673 389867
683953 684125
302073 302124
745930 746276
834055 834287
744160 744936
372095 372107
764581 765041
397441 397754
431498 431677
473455 473673
761461 761753
333762 334033
575276 575284
644386 644862
312049 312758
794192 794267
399702 399781
744101 744167
877626 878031
770310 770335
217178 217459
57675 57697
268176 268241
643380 644119
189920 189994
209033 209305
530125 530172
290723 291550
44189 44791
681028 681209
817783 818042
222798 223118
828234 828459
620727 620768
657222 657318
229109 229526
363323 363549
481223 481381
4340 4352
233243 233739
270491 270652
657208 657581
718549 718626
284746 284768
657483 657854
829584 830193
81915 82113
71116 71344
514446 514685
693958 694628
677028 677145
469160 469280
107869 107912
651162 651294
20830 20862
92459 93005
303966 304010
398913 398948
349365 349441
320875 320926
788167 788604
294553 294568
166768 167110
415911 415930
187452 187597
462172 462890
581399 581697
19299 19646
236588 236643
496040 496052
744456 744463
795443 795741
851586 851609
514475 514654
809902 810007
412978 413296
97364 97932
751929 752223
577671 577925
624851 625486
291829 292078
834558 834654
121909 121929
782837 782897
36877 36896
4516 4761
203860 204098
356693 356714
802675 802954
77854 78113
422704 422854
780681 780933
62313 63188
393639 393653
226163 226277
612361 613297
32208 32315
261045 261314
241602 241647
377130 377648
783297 783474
233542 234244
80059 80128
745459 745609
186377 186431
503945 503987
469507 469560
466276 466306
103833 103927
27196 27518
528915 529079
450542 451068
481165 481603
263934 264316
710025 710341
734171 734173
889079 889107
395814 395889
751379 751381
170514 170603
61862 62021
295703 295817
899448 899672
680929 680949
202356 202357
175513 175849
14243 14275
531247 531774
683568 683779
611914 612161
435712 436028
595057 595845
315838 316412
271602 271719
558117 558460
136064 136184
236382 236524
179325 179329
504828 504839
857377 857527
709169 709503
170517 170607
811474 811562
350595 350718
102610 102894
388564 388811
673406 673661
100252 100365
695368 695375
824014 824620
33559 33608
433403 433625
89786 89912
761039 761239
191362 191395
318804 318892
666224 666665
404279 404973
391853 391868
91783 91913
566904 566910
567677 567687
867591 867901
134572 134703
146183 146199
65436 65726
54777 54893
480242 480318
362246 362519
104735 104735
870879 871279
254588 254905
402271 402333
290634 290859
601099 601272
675036 675404
293288 293392
597483 598089
52426 52912
838550 838987
85847 86037
88623 88839
653095 653125
14263 14452
195899 195899
521035 521186
365555 365667
47870 47926
556713 557247
364486 364533
257153 257168
449437 449663
516948 517165
373771 373968
495781 495789
203521 203711
162666 162760
762324 762488
674398 674537
144237 144439
132616 132881
695493 696253
861066 861682
828988 829199
224355 225006
790696 791110
360133 360419
151983 152082
814491 814680
693643 693832
853291 853755
295700 295921
830387 830420
762168 762853
394062 394165
300470 300977
421574 421609
478958 479260
467070 467090
527579 527855
187583 187843
692559 692737
458993 459244
93122 93191
637667 638059
145584 145711
656592 656942
851882 852194
14437 14988
572646 572710
256018 256263
474022 474571
561042 561277
484356 484368
893594 894174
868359 868672
370628 371061
564741 564794
437958 438002
256282 256776
7254 7728
10469 10637
357163 357211
717760 717760
595160 595488
260384 261153
513296 513382
227859 227882
580621 580863
590399 590426
329359 329468
159119 159388
562503 562835
366991 367058
398770 399353
185636 185824
493444 493444
169914 170015
240082 240091
319115 319130
43740 43775
53698 53708
510931 510952
602381 603230
136811 136880
893805 893811
583862 584644
382890 382923
27266 27343
653582 653796
228619 228631
851590 852222
861264 861328
708650 708676
388920 388944
410024 410387
22054 22101
18692 19234
195893 196033
119803 119834
513805 513879
128662 129228
86366 86424
180047 180130
139581 139666
502009 502515
300143 300318
469891 470242
265922 265948
139750 139805
1987 2034
598810 598818
522638 522814
659450 659974
61644 61863
257631 257801
654477 654727
666047 666639
792845 792867
55162 55775
41002 41043
131494 132128
726213 726373
510095 510123
774986 775157
863968 864128
15458 15506
165804 166639
705339 705797
748259 748280
421811 422203
262422 262447
821369 821754
637948 637951
270942 271742
16638 16644
559390 559676
356905 356960
515067 515464
48322 48858
519915 519987
698711 698841
336545 336886
655528 655767
441272 441307
276915 277210
397126 397601
262811 262898
727240 727986
626135 626644
520595 520614
795701 795736
789632 790228
204421 204475
176521 177051
370172 370207
531811 532229
718442 718456
46893 47033
153451 153554
818088 818108
289211 289216
813871 814615
328457 329355
602347 602420
662352 662613
486872 487055
223365 223822
17209 17426
1779 1812
264044 264152
260971 260994
622521 622673
864120 864322
57050 57234
451833 451968
101741 102331
161923 162446
74616 74663
835390 835709
433336 433377
429801 430264
429730 429805
230559 230802
522427 523063
571651 571943
15163 15392
480899 481074
875132 875480
712161 712316
356816 356822
17568 17602
870475 870899
482652 482655
278078 278082
351396 351487
257718 258017
733718 733727
311852 312296
116059 116240
540678 540700
337730 338552
362887 363138
883196 883415
108287 108407
758355 758436
329701 329742
1142 1637
193968 194362
387346 387371
582118 582624
493724 494080
537679 537725
238448 238573
82585 82598
673039 673092
489079 489098
330597 331277
826319 826360
583738 583781
436834 436908
274587 275271
372987 373251
359071 359126
243248 243453
327398 327608
254644 254927
313236 313236
504353 504738
472274 472455
592807 593088
562106 562227
754322 754340
32178 32747
727254 727578
234994 235260
116998 117033
446466 446527
24379 24580
881695 881993
128906 128989
803847 803915
385595 385660
361373 361417
783756 784176
430967 430982
247552 247726
7284 7287
194748 195094
492847 492972
419067 419608
2473 2902
218470 218604
858903 859033
313621 313770
44575 45555
164570 164754
473082 473161
393660 393991
93653 93663
601795 602213
244706 244787
807377 807642
145304 145331
398619 398686
50819 50888
787494 787811
845834 846404
756519 756528
63077 63123
641846 642028
593728 593968
580407 580635
274184 274245
253898 254021
615727 615940
130280 130318
367719 367801
150278 150297
176854 177272
386228 386290
276641 276915
831658 831712
859515 859709
105474 106398
669860 670113
762657 763259
19993 20011
58814 58896
818647 819180
653014 653611
117679 118345
228839 229137
477885 478194
340881 341391
469157 469313
1 1
1 2
2 1
1 100
100 1
1 1000
1000 1
999999 999999
999998 999999
999999 999998
999900 999999
999999 999900
999000 999999
999999 999000
