26 67
11 54
21 83
33 81
74 96
89 96
100 100
64 79
74 92
27 80
86 92
30 49
33 69
20 22
56 71
48 86
7 40
31 39
35 78
7 85
92 93
57 98
42 83
53 53
69 89
32 58
45 70
88 92
77 97
35 43
44 58
25 80
1 76
52 72
26 37
64 76
48 88
81 91
74 85
26 83
36 92
51 82
32 50
57 83
30 69
90 90
64 80
95 95
94 96
57 81
94 95
3 23
85 95
75 76
42 85
65 96
53 93
37 90
51 75
21 60
66 76
50 89
23 72
62 67
26 29
50 83
51 88
64 80
88 94
56 95
96 99
74 85
29 36
80 84
56 85
96 99
6 51
16 35
35 76
50 53
63 95
61 73
28 29
25 25
8 29
56 90
48 50
14 42
17 60
25 67
6 33
28 63
25 40
39 96
27 97
89 98
28 67
3 26
69 79
92 96
711 181
407 132
764 331
725 494
645 525
600 388
863 82
696 653
860 328
370 181
15 13
946 260
203 78
467 94
711 476
128 99
513 353
384 291
796 167
131 41
185 165
204 19
687 299
867 519
780 156
839 547
899 348
780 486
181 49
188 113
896 476
568 462
452 80
553 475
569 144
741 376
623 567
829 282
324 177
430 288
960 64
595 88
785 633
444 327
969 334
819 491
191 91
463 82
864 447
27 14
955 296
743 666
362 84
254 232
446 360
514 223
437 183
898 125
91 82
235 43
356 268
539 431
744 636
917 751
110 99
240 100
676 601
848 477
762 102
927 782
150 54
507 220
4 1
142 11
453 4
597 95
850 497
708 447
81 54
136 4
966 153
663 36
797 561
401 307
437 413
608 321
223 167
974 163
701 69
191 45
114 54
518 333
830 331
335 159
681 184
112 4
478 330
934 141
929 552
638 151
1227 8264
1475 5568
7455 8563
4928 9784
4439 9247
6697 7842
8484 9183
2574 6564
614 1752
476 6166
1582 2571
7005 8908
7021 7827
2013 3125
4145 9973
934 5216
7991 8332
6301 9816
6704 6800
5248 6478
5483 7034
1847 8237
3558 5784
5510 6861
5770 9921
9233 9689
9922 9966
9601 9849
3337 5412
2479 4381
8473 9890
6781 7695
3689 8535
854 8728
3541 8652
2113 6529
6280 6588
426 3516
2386 4020
537 9530
8685 8738
7101 9250
2501 5404
345 2208
7942 8106
7530 8163
3867 8188
5013 5245
9931 9985
5577 6429
7229 8006
6626 6673
8314 8949
8955 9156
8246 8361
2784 4941
919 6224
1582 5272
2915 8214
3651 5163
5533 5837
3275 7832
3476 8576
7094 9918
1979 3662
9573 9911
6102 6487
1608 3325
8039 9315
1235 2740
2642 6892
7594 8560
6627 9815
1604 3271
5975 8243
8571 9939
3946 6209
3996 5683
6747 9138
6557 9601
8876 9729
2938 7805
2115 2210
4986 5434
5835 9266
9617 9725
408 1205
4108 5664
6405 8629
6479 7926
9593 9862
3242 8730
6022 7341
2330 9709
8513 8968
4106 4451
9161 9693
3712 4091
7844 7966
4685 5416
3254 5337
9718 9731
6499 6901
2449 3893
5587 6012
6036 7670
8221 8605
7918 9155
1781 3187
8 6482
303 5625
5002 5164
6275 9394
4081 5700
1845 9020
7549 8816
6990 8221
332 9692
5075 9699
8403 9735
8630 9090
2643 6317
4922 7018
1483 4765
206 9692
7429 7653
2865 7363
9672 9874
1604 3665
4914 9478
9243 9718
1798 6866
7702 9792
1613 8367
5298 6307
8203 8213
1204 6839
2154 3748
5953 6257
7849 8382
1575 9942
7311 8841
8323 9488
3685 6673
8299 8654
2919 5307
7728 9440
6173 6519
7381 9498
8899 9667
9760 9842
7219 9504
9442 9580
2976 3311
6608 9628
2299 6774
9356 9757
1452 2301
5458 9474
9415 9762
3650 4561
417 9273
2378 2657
6988 8907
8170 8442
7074 9041
9886 9938
2497 3595
1541 5242
6558 7459
7815 9882
3588 5131
4035 6974
2175 2706
914 8188
4404 6210
2377 5230
7154 8056
3838 8956
7361 8504
5483 6008
4109 9523
3374 6022
5020 5169
4917 7879
2028 7240
3840 4811
20 3132
3586 8410
8897 9981
1429 3164
2713 8061
3180 8927
6285 9511
1278 8749
3931 5328
2972 4350
7511 7677
4776 6867
6142 9740
7619 9117
8097 9886
2417 9641
9134 9980
2369 8678
8226 9265
8079 9973
5045 5606
1432 7175
5114 9183
164 3374
8628 9667
7420 7569
6458 7334
3155 6072
405 2779
4112 5925
9311 9533
9821 9957
5483 9916
8598 8812
4832 6620
8125 8333
5742 7865
2484 3565
319 8950
8893 9897
7944 8679
8603 9898
6558 6862
7154 9376
9595 9767
1108 4123
7435 8747
9165 9858
1956 6069
3296 4845
7549 8873
7579 9333
8107 9462
8296 9255
7964 8221
5285 9268
8237 8446
1357 3555
1444 1965
9202 9883
3576 6006
317 5766
2463 9325
6440 7995
6663 8892
8253 8466
3433 4213
7605 8558
8603 9531
1163 9379
1333 1994
1725 9208
1822 2278
8026 9596
3017 7887
9404 9878
8087 8420
4696 9545
3319 7367
450 5762
2208 8018
7971 9291
3733 7720
4122 5717
525 8162
7689 9166
7136 9615
2177 5654
4585 6624
3539 8868
9232 9653
5079 6543
2471 9036
7848 8173
9052 9594
1171 5418
3164 5513
7357 9481
698 8043
6697 7425
5874 6034
7366 9227
3897 8799
3993 5312
7274 7706
9756 9801
1683 2837
2775 9734
537 2850
7130 7899
4774 6910
3136 4682
9411 9748
848448 920377
248079 384100
224349 536254
148853 940308
623025 799528
91078 419534
648354 946550
704562 949949
685043 925735
587338 736848
364460 987614
193628 542173
242275 911510
251272 346152
356946 906958
939170 956824
743780 809469
971493 999025
134531 189967
596867 990396
152539 910249
642837 959864
397006 434912
39729 580198
669745 828147
837806 869177
463419 565761
761 468185
932840 976548
897278 976298
852954 854052
54893 739737
214938 323241
125184 687957
88036 646959
557051 562767
978422 999288
816084 902101
275217 742451
549381 997702
675957 756027
736258 790406
36533 587515
652571 890793
901796 944735
224683 238801
395072 476788
316936 845182
384905 714601
467462 478518
345574 862729
204197 261367
731956 867187
937640 961961
513943 519195
303226 555203
500257 550307
527610 723138
339992 360531
543216 914325
857241 993779
335458 424648
428409 783388
820094 907882
642251 733963
709295 957350
822042 921301
18369 442833
641183 642379
320869 516678
44092 683569
528146 888399
870163 927347
237744 808549
722248 847245
249148 298333
700781 901940
227812 496551
312098 324279
784879 989827
274915 312840
259034 832725
121614 196046
390735 890993
24973 480640
907252 961722
937367 983669
537709 553878
781625 998801
636857 944686
322507 483726
96132 671020
112894 916117
683126 951724
354368 355736
332373 881049
199194 718993
391856 833592
952996 996850
155172 970740
778504 791909
761973 948850
384217 583466
43825 564026
160442 249170
695752 703244
701902 872612
827713 975636
65340 949065
301608 466857
420501 728363
151538 453910
84881 145627
52895 152415
863902 972417
611723 639521
217565 898427
170256 272225
892714 939186
574215 587167
26777 665433
239318 722282
893745 937330
562103 718945
440832 916340
583915 620161
11259 871656
238008 321927
315724 789975
635465 823583
853225 948135
5310 998586
134978 998781
980 464185
435149 840969
220188 997197
178162 592351
223689 917854
528844 843091
381353 525533
972936 997656
143425 467583
729953 917896
895129 925421
793972 855720
657378 841171
159655 753137
82133 93999
3630 935875
593746 746703
913035 994915
239618 425987
443286 484899
165458 537386
902868 921131
106453 498798
488829 966728
964146 986264
991387 995968
914994 987892
888457 917687
746417 792040
212065 744953
801922 930810
282563 330724
615046 957750
50475 843995
716707 944350
951335 981721
636443 922154
249880 944187
632397 971261
70043 573082
665682 961395
370700 517705
58547 345859
188259 821266
340004 961509
931307 943333
669050 709370
840884 861885
683474 812496
770680 804618
221489 392926
435540 958286
505646 700409
653045 796907
688704 765286
159189 704043
649616 681428
573273 915270
31851 309870
353315 523845
965255 978321
950866 991504
504672 855683
635639 825587
199854 570884
37211 396057
375399 696983
301575 727789
936622 990506
456946 594886
839942 899965
727160 762168
793135 989538
290443 865128
585820 613821
501280 802295
390164 951374
722721 852148
456363 948381
840656 902277
79879 162083
105153 339459
635120 991575
368256 880508
359426 442669
973083 995591
51650 578750
910494 917372
561644 651532
508520 824129
668761 801065
703034 981873
524704 754327
655977 762190
648532 862802
232247 757162
965108 988033
872215 957756
831385 897116
744023 798578
380006 734448
282938 950031
66238 542673
537879 951202
442698 757656
691279 715933
806912 846632
703314 825869
513725 586416
859297 948107
719165 790593
831704 866962
685590 748349
297989 680917
423468 506497
616902 964954
220060 697570
601641 613424
328118 614163
275886 487606
943962 973970
492122 604716
86132 133207
470473 778914
955110 960648
127146 215925
964815 975862
579153 983904
904137 930194
437423 453665
406835 674533
603798 921965
344170 574795
721415 763176
936489 970567
854650 948430
241960 633645
391498 877576
292111 377875
434230 900051
918831 923858
111823 755261
381505 701822
818928 925276
920493 968774
525467 959985
660378 916905
845173 857250
752442 902951
207576 397044
762494 986904
747660 991966
755496 970848
810285 966677
11917 319834
169136 602743
627717 821445
179169 472229
283712 577608
751768 971074
430914 874963
733025 964019
3128 400777
260912 434340
419385 683589
954455 972467
233621 480883
255011 837040
681584 960719
577483 781545
344938 823566
950817 993153
714254 772761
427508 702071
272528 617517
942485 976108
852594 918091
370091 848226
490354 972307
899885 953795
564756 946823
678119 702083
543670 791685
357102 414567
739994 846979
882820 898855
832624 934241
862449 975005
808645 988402
178817 947240
615898 766694
106242 959340
543636 863104
549573 662463
802643 894975
982376 990008
560468 603322
594314 705183
838142 918159
308654 726593
621796 904163
410133 736872
131826 688283
802683 996241
915570 937091
410955 665542
165655 288546
875542 951595
287677 809738
468423 682993
510402 557689
902269 928564
228718 702706
362223 464283
544418 921530
177464 319317
213056 470622
987982 991931
909845 918274
780374 792182
269143 890362
509284 985939
866022 984149
414887 590908
526875 689795
364999 766186
372997 772923
526887 561650
597978 931658
648719 678367
976253 982852
868330 939805
681237 758745
333110 486665
172532 321132
642293 726807
220539 423152
687885 971043
432023 466564
469823 749880
221584 722824
951114 967097
980532 985910
292987 489232
916830 946746
749887 951998
344442 405094
636472 841176
387902 982492
680937 796500
825442 909775
458112 549898
284682 852238
179535 870594
617842 923462
644190 912882
678670 874727
608868 788757
426587 521710
706020 951451
964810 987983
390709 982031
210485 758712
809329 844599
351971 496806
700974 740752
692899 743940
293588 336129
938084 955960
570306 793651
960666 995186
117292 726456
490855 955278
483499 599170
505761 860316
495289 716811
533580 655546
684469 955991
934882 984596
654221 673828
879594 959623
516544 526988
486200 506414
752220 951849
784019 945807
220117 309088
905703 940624
984023 985034
255896 630997
918553 935260
997556 998598
842227 959418
751878 804851
649129 933419
281337 329111
236780 890509
641067 955139
167631 211515
129263 136475
994898 997162
115413 176263
748969 830161
838654 873395
150998 736700
980482 988164
347764 706085
972447 999220
940747 953078
517591 693456
327074 423269
608765 617877
957834 985024
394886 828003
843996 918833
807015 996720
897427 918878
353443 625337
315469 611134
120970 981714
709052 898562
848120 869601
312520 560744
868144 950975
588262 690148
471699 919517
357262 624657
802396 951098
976848 991107
311557 974695
838448 875787
982592 983476
408913 633481
921798 977876
895079 913792
521319 771843
338705 962338
572735 974091
401827 530444
851303 968489
745407 950961
918708 995566
351677 616756
694870 785115
783154 971279
683093 810878
858263 931433
564065 572477
188696 867619
169582 515744
428008 870619
375155 614884
857186 899241
421334 674140
164661 370347
349118 747290
886768 920975
447259 490620
397296 948896
277581 756520
130485 854704
121040 397068
379525 854440
845919 871405
980300 987186
691855 695019
889576 933626
811917 826461
