1 1
2 2
3 3
4 4
5 5
6 6
7 7
8 8
9 9
10 10
11 11
12 12
13 13
14 14
15 15
16 16
17 17
18 18
19 19
20 20
21 21
22 22
23 23
24 24
25 25
26 26
27 27
28 28
29 29
30 30
31 31
32 32
33 33
34 34
35 35
36 36
37 37
38 38
39 39
40 40
41 41
42 42
43 43
44 44
45 45
46 46
47 47
48 48
49 49
50 50
51 51
52 52
53 53
54 54
55 55
56 56
57 57
58 58
59 59
60 60
61 61
62 62
63 63
64 64
65 65
66 66
67 67
68 68
69 69
70 70
71 71
72 72
73 73
74 74
75 75
76 76
77 77
78 78
79 79
80 80
81 81
82 82
83 83
84 84
85 85
86 86
87 87
88 88
89 89
90 90
91 91
92 92
93 93
94 94
95 95
96 96
97 97
98 98
99 99
100 100
101 81
102 82
103 83
104 84
105 85
106 86
107 87
108 88
109 89
110 90
111 91
112 92
113 93
114 94
115 95
116 96
117 97
118 98
119 99
120 100
121 101
122 102
123 103
124 104
125 105
126 106
127 107
128 108
129 109
130 110
131 111
132 112
133 113
134 114
135 115
136 116
137 117
138 118
139 119
140 120
141 121
142 122
143 123
144 124
145 125
146 126
147 127
148 128
149 129
150 130
151 131
152 132
153 133
154 134
155 135
156 136
157 137
158 138
159 139
160 140
161 141
162 142
163 143
164 144
165 145
166 146
167 147
168 148
169 149
170 150
171 151
172 152
173 153
174 154
175 155
176 156
177 157
178 158
179 159
180 160
181 161
182 162
183 163
184 164
185 165
186 166
187 167
188 168
189 169
190 170
191 171
192 172
193 173
194 174
195 175
196 176
197 177
198 178
199 179
200 180
181 201
182 202
183 203
184 204
185 205
186 206
187 207
188 208
189 209
190 210
191 211
192 212
193 213
194 214
195 215
196 216
197 217
198 218
199 219
200 220
201 221
202 222
203 223
204 224
205 225
206 226
207 227
208 228
209 229
210 230
211 231
212 232
213 233
214 234
215 235
216 236
217 237
218 238
219 239
220 240
221 241
222 242
223 243
224 244
225 245
226 246
227 247
228 248
229 249
230 250
231 251
232 252
233 253
234 254
235 255
236 256
237 257
238 258
239 259
240 260
241 261
242 262
243 263
244 264
245 265
246 266
247 267
248 268
249 269
250 270
251 271
252 272
253 273
254 274
255 275
256 276
257 277
258 278
259 279
260 280
261 281
262 282
263 283
264 284
265 285
266 286
267 287
268 288
269 289
270 290
271 291
272 292
273 293
274 294
275 295
276 296
277 297
278 298
279 299
280 300
626419 693362
53845 207639
372982 233187
543909 473176
54030 515035
425670 69224
592043 23411
339472 97804
516774 899668
518225 689187
550724 844572
835382 728885
737629 288173
255444 125745
671707 679126
796805 744080
688191 610242
256472 484830
639213 883461
248 128464
434660 758494
98063 177973
371446 583814
259238 293692
580349 108744
706479 40398
13073 321817
222423 190259
760966 144764
164846 676628
235034 57084
339980 210222
785495 751720
100872 757104
16397 717398
218344 534008
148996 895384
328135 293359
653870 394929
774391 41701
441276 212288
495566 665135
560482 475167
615165 512037
311212 685725
67460 441170
852755 50437
196610 72573
32178 889953
838931 363117
687821 890663
275040 409326
599708 858867
784736 596021
793777 27302
205824 1095
44588 496598
423654 515220
424114 442042
652993 512399
367214 18059
754083 441798
645798 597484
736021 799035
697143 291062
102600 72715
161297 70715
288229 391742
211305 178271
762771 423940
826482 737336
666673 604025
865849 476593
543185 89945
830431 225853
107856 64563
586591 175372
243264 364759
847042 309936
691443 296443
541583 477036
769014 164034
876501 521949
507244 820327
697058 348307
442291 743777
487272 10786
527688 80333
641037 443551
785648 683547
755189 88245
326826 86118
171781 371037
207422 560122
555794 733877
105957 660263
896332 59753
893766 649042
410850 161216
524179 629489
823545 790189
305645 390820
351783 829842
438854 873664
665236 414655
639566 581033
273062 399792
450574 618186
884326 887154
225580 301720
114355 661533
177981 663622
486995 734728
411275 850755
104995 845160
236722 276444
24157 365161
84226 497232
149729 617997
109672 556143
413939 138997
864920 814259
383875 506332
601945 263602
388459 286311
348307 300565
443041 814382
884721 811732
311652 204320
804394 428804
744432 36734
215144 792679
400461 856232
600981 4918
431418 9254
381252 47368
776946 509169
426210 105785
371667 429296
147805 20235
137120 382534
740499 674585
653345 125375
91308 506038
869225 276999
323269 486638
444024 837433
547157 142370
547963 255751
453940 130699
805975 737156
632650 153183
641907 749861
378894 890164
12699 147140
164472 154549
420709 259952
664977 516360
859113 69336
767210 81393
214845 173443
617652 477856
81431 64512
332204 551099
227807 380280
562696 546295
682620 33926
565867 317019
220854 577929
395985 100686
461375 42131
546659 178770
562610 142238
700419 518196
758770 240127
812686 683064
409100 497643
575107 863957
648952 335892
377519 258306
860161 678711
139298 739758
570456 109456
169255 88406
536462 188586
358753 375618
793210 457761
216514 118458
420733 3658
458930 596187
433782 595142
762458 287761
267092 777938
242983 544114
409275 833271
891028 680591
518639 418783
404304 219314
335397 493251
324659 387514
353935 309198
355439 484422
248604 606538
448205 274853
175456 690967
49442 6204
440880 651047
816057 807018
298154 182611
191835 531102
215830 572047
399627 77650
337138 273684
112461 8020
735756 17465
415624 854440
899094 388925
172341 736023
757772 807518
49428 819389
374380 474339
353086 363052
44926 69508
527585 54046
223385 326597
515974 616246
280092 826342
478207 682284
891483 742515
77170 348046
275974 897198
57552 38923
502577 50434
529313 749655
39443 807448
368130 742871
446071 413467
888352 881289
642581 624676
590987 243365
385017 700198
867886 749473
736773 781742
20181 510859
583157 672145
508268 442125
368930 378822
512055 338537
91344 243392
1533 5491
419976 782377
340070 681932
73980 529669
268126 773906
578683 336752
598516 578813
542167 628613
211537 146051
501105 171164
20146 197010
842000 882363
620500 70342
737353 755059
73915 775449
659764 449978
160313 394245
423690 338409
32882 718108
10890 61035
422466 15148
593486 822077
759481 584230
234984 707192
540206 139786
833342 190455
303664 760875
793789 186720
230877 578675
319365 841264
555829 493292
203820 649243
96615 359899
294551 419868
430576 101825
291719 144723
855529 523260
471208 305561
779590 370402
99065 356758
492419 18857
64589 392595
862033 110226
199000 667070
193942 641207
483770 696543
631068 651314
311733 220345
724233 844877
450267 294601
205166 356717
532904 466934
405375 870451
750357 816084
43292 716631
164287 811
611013 703250
796957 641275
779248 99937
557839 787547
599142 515376
637151 601708
638019 138949
544299 784707
193553 314500
659377 564954
173265 98609
693139 111353
607624 517662
512277 804782
812716 408538
585004 873525
690728 181493
355067 119480
155042 523415
184890 209778
454743 577715
595456 817970
803712 881912
32709 381459
630631 704850
413577 461557
690870 802061
893770 274171
163604 758242
858172 236241
85378 206259
601843 733892
736507 226433
15613 27441
590940 722260
454810 238718
266439 601723
443351 193213
835188 84252
672056 479180
242458 290837
444825 225953
831030 183842
581911 881909
444156 621496
567358 574874
521848 379173
807869 670706
666535 598216
562979 564219
500818 105905
634715 505285
255883 235469
9610 835326
559785 777357
89329 184470
180599 645379
618705 234982
344956 154606
121973 893228
119230 650941
326511 271994
261166 696237
887748 718937
202954 657248
227966 90670
854822 799418
107131 470890
177736 239661
617689 296359
758554 289439
496953 751548
780504 719645
781626 251039
321899 435451
476378 486132
230148 456486
884554 581579
712221 334116
728317 535167
541199 268114
730850 355864
708085 547326
857464 692476
648999 73581
268873 285004
805123 106505
55918 620471
18081 295349
209035 491624
167125 303365
180885 594393
96484 112957
386788 340969
875557 799889
872584 317287
94693 821828
423607 785195
866712 661301
135007 620362
383084 239418
363960 852028
319263 460120
372763 214281
265295 140746
845162 23869
131465 798656
165174 708106
801297 103867
43709 44349
6737 686614
134298 851085
87513 505578
499746 648490
164711 96579
702738 303224
490175 371548
708317 185919
595795 675879
635044 215239
206214 522211
220323 835928
50336 451647
76396 370501
109713 713747
280330 589844
13599 481869
766023 887667
36323 777941
466495 760495
727931 465331
793578 524410
44873 861095
832624 573763
94787 120543
494215 368360
551237 10083
894647 884881
606527 61746
855535 290489
434358 390921
522400 120712
77995 487503
869041 115172
831285 269868
542743 385721
722996 271580
424783 78982
734170 816451
609684 855450
573128 458734
816462 389397
310851 890362
436021 193633
102135 602273
441978 202110
420350 751208
673536 318923
866692 68449
260361 577188
47643 779606
59778 327072
123574 90866
851367 888109
669073 559367
85653 473771
718733 131365
668792 716015
13702 860334
489749 874478
502752 590099
93322 126947
287898 297777
550560 213488
564343 501754
850637 813714
886475 298884
855769 32056
809058 890209
632992 139008
49210 547292
11297 703858
628675 296091
314188 168274
637344 605278
614006 53644
656760 796083
58596 797236
579194 232141
271173 601058
273108 74851
620373 390017
521749 775561
156076 182563
315398 87662
241326 455930
656031 305520
440347 76124
722729 27947
863843 124173
729709 490315
575281 580212
539465 342591
397386 430826
562847 704621
278043 370283
793617 896381
611942 175840
88507 849733
850609 667147
777059 345709
182317 138740
328116 62323
232447 525713
282105 271016
657643 246928
164738 833200
385938 153378
483780 868647
398448 79411
118673 614833
665181 694772
363762 719887
713502 468908
482623 559830
855749 743445
275386 252059
443710 811039
741124 852301
616814 38869
189222 675165
494046 308303
422752 575964
608573 614158
678297 898092
381695 51701
601014 836364
374399 657611
774439 459644
645441 355768
23596 804011
279002 76575
654928 846422
104417 535502
722686 55560
847318 340683
126177 364547
843332 182319
614205 36982
230670 862581
316946 335264
899043 508657
286669 43697
26576 803658
884011 489199
361423 117149
425276 373207
698364 419206
499076 198515
180236 252891
789429 297227
128244 132377
634438 211696
727952 191585
8035 441128
137121 131845
151680 786917
764011 321005
505408 371620
152310 509082
255713 6191
155367 463434
225066 95515
724986 232297
736437 116072
529459 621689
780545 263497
185345 336763
553618 168730
887673 186692
458793 855745
663601 551936
511365 541355
62810 3571
509674 349462
720527 388018
535779 236665
737953 357739
549494 530338
275930 219114
202132 326795
280778 514353
77736 760498
820888 744840
19335 101641
590392 567258
585273 627413
865212 621262
585890 351551
819137 548036
879387 885308
15181 615505
445266 331904
109505 142665
246089 160950
593953 665305
226699 819623
96222 573541
210315 578237
662472 186444
528020 95735
80797 888560
71111 381942
14449 231167
387418 496662
47636 688755
148029 209275
428870 778051
347173 766949
819737 60525
375874 469617
738894 5679
611846 299505
376124 210991
881639 448095
511639 515974
397587 56655
483910 41397
86115 812195
250047 105049
316330 7753
730838 166410
121161 560000
648300 228358
441759 867591
417591 576233
40081 452734
54708 204027
707677 646517
53078 839730
79088 752910
296265 757349
315291 466952
631928 284897
163625 608132
559761 768342
676167 109755
256048 359693
761095 563493
227569 545504
493918 517390
435341 762902
29090 848243
612721 459447
687244 270159
738007 780110
309230 78894
581583 126116
361522 33995
218538 339899
758538 347775
477554 210882
676225 70515
471154 316131
439217 463872
616133 415750
251273 555806
232273 385006
216533 399911
398564 575412
299480 573903
286148 899695
781904 623506
473857 336574
375014 756869
586086 303432
23322 693436
359680 626304
789438 676317
489484 382457
434622 663451
427817 849980
121646 41259
771712 774403
390735 1917
524584 118369
263433 879940
651447 531419
53049 601842
896439 866163
128185 581926
238248 726823
895916 880639
832483 385790
287859 568657
