1 1
1 10
100 200
201 210
900 1000
1 1000000
1000000 1000000
41329 41329
69412 69412
108294 108294
225973 225973
974463 974463
668943 668943
908603 908603
49764 49764
281944 281944
948856 948856
490870 490870
659487 659487
355934 355934
344658 344658
427013 427013
583667 583667
456521 456521
288235 288235
985284 985284
876811 876811
978172 978172
550527 550527
785863 785863
497110 497110
110467 110467
550759 550759
978081 978081
624711 624711
762924 762924
686446 686446
539087 539087
374902 374902
266175 266175
5316 5316
985604 985604
913700 913700
94427 94427
538700 538700
681618 681618
378715 378715
555118 555118
674448 674448
946866 946866
443124 443124
391056 391056
45268 45268
910576 910576
779699 779699
729917 729917
162056 162056
535158 535158
417292 417292
682157 682157
102999 102999
424755 424755
49481 49481
67026 67026
436380 436380
964199 964199
742595 742595
733485 733485
114420 114420
296398 296398
343181 343181
189453 189453
858286 858286
378982 378982
97137 97137
465254 465254
751263 751263
779039 779039
995602 995602
255754 255754
803219 803219
660255 660255
673712 673712
707654 707654
437598 437598
555182 555182
248714 248714
470812 470812
624720 624720
610117 610117
68126 68126
784536 784536
594630 594630
735022 735022
521612 521612
935377 935377
212381 212381
532183 532183
752473 752473
289086 289086
900098 900098
953273 953273
195599 195599
975026 975026
523813 523813
992544 992544
367233 367233
47925 47925
226124 226124
581782 581782
514539 514539
788353 788353
814276 814276
45552 45552
607672 607672
493462 493462
948658 948658
729332 729332
788958 788958
375354 375354
527047 527047
190373 190373
430053 430053
378641 378641
637073 637073
299246 299246
882501 882501
422420 422420
409007 409007
110311 110311
248364 248364
341937 341937
732317 732317
735686 735686
173342 173342
873535 873535
29677 29677
928485 928485
257847 257847
411356 411356
446359 446359
963243 963243
161740 161740
368550 368550
668391 668391
748250 748250
795504 795504
577170 577170
620052 620052
25845 25845
624402 624402
962412 962412
758193 758193
856844 856844
262211 262211
337707 337707
399101 399101
315045 315045
467734 467734
857136 857136
555989 555989
385097 385097
2273 2273
539547 539547
545737 545737
684520 684520
317279 317279
199946 199946
673355 673355
787433 787433
907063 907063
886000 886000
373635 373635
805458 805458
408 408
244045 244045
761472 761472
195217 195217
347131 347131
680207 680207
828938 828938
387493 387493
335434 335434
487557 487557
316819 316819
981356 981356
236639 236639
823612 823612
176971 176971
65545 65545
661157 661157
600120 600120
738451 738451
222961 222961
249563 249563
829456 829456
245705 245705
500563 500563
174711 174711
779495 779495
527810 527810
962274 962274
660455 660455
474179 474179
174806 174806
215616 215616
315314 315314
241099 241099
100116 100116
999496 999496
319933 319933
504417 504417
288726 288726
495800 495800
97258 97258
810842 810842
686960 686960
915834 915834
120091 120091
30806 30806
196354 196354
575565 575565
64980 64980
937025 937025
442029 442029
153684 153684
98751 98751
665381 665381
969314 969314
301563 301563
586632 586632
479977 479977
122902 122902
899970 899970
750568 750568
833833 833833
567314 567314
799208 799208
774976 774976
509235 509235
735398 735398
412276 412276
389531 389531
266652 266652
522301 522301
8226 8226
647702 647702
91006 91006
195020 195020
889577 889577
804892 804892
234319 234319
936677 936677
129957 129957
540425 540425
237342 237342
781864 781864
615334 615334
931440 931440
498476 498476
173528 173528
451413 451413
42616 42616
794212 794212
913419 913419
491453 491453
696353 696353
404536 404536
525243 525243
117181 117181
433380 433380
944346 944346
771579 771579
760073 760073
159609 159609
291284 291284
713091 713091
156632 156632
366514 366514
596997 596997
638764 638764
36334 36334
348869 348869
105657 105657
654327 654327
977670 977670
122343 122343
113443 113443
471751 471751
630171 630171
90195 90195
910009 910009
651951 651951
137875 137875
181609 181609
927084 927084
406374 406374
265993 265993
386356 386356
770435 770435
538775 538775
716085 716085
862148 862148
6227 6227
665749 665749
830970 830970
401658 401658
343965 343965
930540 930540
63309 63309
116770 116770
215108 215108
799315 799315
678525 678525
347962 347962
849129 849129
813821 813821
316194 316194
288017 288017
746853 746853
209870 209870
660262 660262
7499 7499
480098 480098
567979 567979
636907 636907
245889 245889
30871 30871
722090 722090
491608 491608
143493 143493
34654 34654
201577 201577
923971 923971
671299 671299
632755 632755
135098 135098
213372 213372
286595 286595
859787 859787
347900 347900
52 52
328586 328586
106126 106126
421381 421381
643145 643145
834272 834272
991603 991603
815931 815931
43503 43503
747117 747117
829239 829239
706562 706562
57596 57596
73597 73597
846906 846906
514703 514703
711056 711056
746339 746339
879734 879734
200091 200091
916446 916446
924537 924537
946972 946972
966068 966068
55772 55772
258565 258565
450381 450381
289709 289709
132867 132867
29943 29943
363634 363634
736310 736310
815747 815747
648718 648718
574456 574456
978374 978374
351175 351175
408667 408667
541739 541739
150132 150132
692256 692256
938654 938654
88878 88878
710438 710438
628496 628496
978124 978124
567316 567316
238368 238368
308918 308918
80882 80882
274271 274271
373374 373374
867153 867153
919411 919411
108371 108371
677565 677565
482546 482546
267437 267437
761141 761141
471091 471091
790659 790659
143354 143354
530213 530213
16607 16607
372397 372397
414227 414227
54549 54549
258587 258587
971371 971371
95054 95054
417125 417125
229550 229550
713257 713257
49096 49096
464541 464541
643838 643838
243480 243480
274269 274269
520902 520902
94242 94242
849617 849617
847892 847892
205349 205349
634646 634646
184419 184419
866968 866968
928853 928853
661831 661831
626555 626555
888225 888225
662464 662464
669071 669071
651055 651055
99698 99698
109242 109242
571067 571067
84263 84263
306491 306491
440122 440122
546951 546951
347560 347560
749342 749342
626421 626421
813739 813739
522942 522942
384654 384654
897560 897560
302030 302030
594118 594118
63892 63892
631714 631714
944025 944025
291989 291989
112748 112748
878813 878813
238247 238247
286600 286600
737868 737868
47671 47671
820440 820440
820201 820201
835140 835140
557953 557953
291589 291589
165115 165115
957312 957312
719235 719235
31117 31117
498147 498147
633067 633067
818105 818105
882574 882574
990323 990323
222766 222766
137647 137647
499504 499504
638483 638483
552150 552150
705908 705908
579995 579995
544398 544398
578132 578132
362302 362302
105800 105800
337847 337847
369373 369373
630298 630298
895925 895925
266742 266742
166642 166642
121293 121293
83314 83314
992690 992690
715450 715450
251917 251917
963801 963801
574172 574172
946891 946891
990101 990101
537563 537563
976790 976790
920711 920711
159849 159849
428212 428212
260415 260415
694371 694371
350 837552
909 822331
453 782952
685 503369
212 252285
481 525573
576 569701
143 325750
68 579786
961 478903
815 796024
342 967804
524 102439
357 107244
755 442686
394 61984
216 421241
318 98545
693 229529
175 365800
481 979322
473 299455
532 594346
799 236341
278 944652
155 141919
323 371044
133 551258
260 866310
787 138060
118 479119
574 556218
383 65101
468 826516
802 273026
711 506661
481 969508
514 942135
74 452432
387 232187
247 873572
74 490814
38 366572
820 667223
929 727139
540 685820
91 520420
135 675853
433 317865
266 744048
16 934264
635 579995
120 453934
648 994641
508 211107
303 728323
837 196525
587 325568
963 375809
624 562791
607 620196
852 34801
456 972639
378 948835
856 66569
708 932313
162 302766
396 852327
978 126302
231 952857
264 391496
119 201274
635 836909
307 861257
991 699761
525 631199
674 438883
680 494237
928 599926
955 418539
769 575449
303 707419
948 897809
617 97564
923 16686
492 194090
130 34658
926 335035
244 263502
517 644749
53 569199
302 490786
54 494069
266 723685
848 190356
366 78167
592 109620
469 925210
499 654875
628 691399
830 476307
329 689850
781 110286
209 921771
214 509908
437 891880
81 82343
976 110461
414 862118
640 81262
883 316894
726 497659
265 638199
779 398754
18 23738
202 709715
81 393728
548 871244
717 829662
547 552029
115 377869
15 481598
120 878630
823 567508
464 571938
85 425362
998 171103
800 919324
416 493558
934 362711
333 951241
430 87125
694 419003
792 909236
711 837952
850 80542
265 144859
719 437771
357 71782
382 492546
150 941028
597 491855
436 648227
951 237798
673 941781
57 318686
161 564173
253 938752
115 922526
153 778175
958 567047
767 924857
482 977155
970 266075
365 236014
210 705300
662 458377
500 79104
25 212854
769 714028
95 206975
544 662161
82 412673
195 296625
114 831910
891 909415
463 674856
641 279483
11 663073
34 781547
555 63191
750 41237
866 777045
622 704408
442 711341
551 886755
568 275418
231 119957
106 157433
523 120243
512 28327
770 290737
109 915445
978 576400
16 602137
101 56509
971 340431
711 668185
183 189852
759 917037
906 902075
360 8902
30 953440
707 203254
255 757249
306 530643
553 356573
451 152857
908 622220
703 343490
885 856127
54 754110
282 822641
265 897990
265 80386
700 70673
965 66428
854 206058
839 244742
590 873801
557 424846
260 961285
97 737195
425 605451
825 821065
699 308344
222 161886
705 259754
643 769969
696 883805
516 288650
56 181994
584 492788
822 846386
613 163559
774 695096
631 815755
900 516436
284 249695
671 729907
775 763406
532 323508
591 922827
802 422566
947 170091
223 474957
884 92681
783 564827
263 327576
555 788867
213 885257
518 851280
937 91524
543 618732
494 146547
675 46125
723 918009
179 215634
243 813842
958 394916
221 929572
571 966431
325 759323
269 340328
349 218155
914 734912
147 765310
746 996478
88 678389
609 703994
243 284835
217 172750
728 382685
935 246967
952 153798
647 457337
245 758063
527 271234
2 223692
518 349388
198 921505
591 937718
515 513475
422 803604
807 136699
717 167346
966 216413
467 235800
850 188271
850 339479
528 353853
75 363034
616 807465
320 812136
753 526911
30 886877
710 120015
5 646640
329 449460
14 669112
139 755673
440 383463
93 523427
862 262624
118 690042
177 142773
801 617753
685 43129
785 576388
562 712357
933 689705
946 902294
642 881864
810 901307
777 148204
574 92884
191 627267
550 956254
58 786506
927 256067
719 555226
399 96622
813 969255
497 26628
197 275414
193 936630
289 46094
236 15259
606 181288
79 69754
399 457833
483 341438
295 48150
514 438890
203 662942
169 959787
946 760771
921 772805
945 500658
963 857757
47 747819
104 526078
810 532538
50 665936
421 52435
483 728298
967 447805
48 890328
1000 523709
193 74160
962 94251
744 71374
194 996097
515 747175
905 550792
463 296210
788 761037
355 490314
892 656297
399 692065
155 334694
824 294431
388 925853
953 616272
477 451652
246 816059
940 93140
488 735382
547 77105
312 210431
289 73243
338 437582
15 744546
16 922278
596 240998
223 393282
645 165668
746 627100
332 320652
490 760472
299 957103
463 874984
629 329375
141 599225
402 54334
373 378418
901 828984
79 895004
988 368885
817 576181
220 14662
927 55919
982 779329
759 647309
801 496632
63 187254
501 581531
21 296178
417 58062
571 874689
562 478749
38 849243
217 274523
113 535626
832 372986
99 457083
800 685765
993 675924
962 501354
529 334327
136 39571
588 672197
255 489523
679 834358
668 975765
783 957308
560 491600
854 451751
441 933408
174 529579
294 630870
553 550093
390 258983
891 769909
854 707154
92 128878
38 205042
334 623504
718 627451
311 307127
666 331986
107 530764
207 961861
938 603281
297 337890
537 636314
202 434772
144 94791
313 929031
72 480374
829 413629
334 390461
941 401825
264 863189
765 305928
66 959274
575 20647
405 348519
539 527920
966 703374
340 983534
679 665501
945 645288
660 522868
389 94259
947 870115
476 1855
433 824121
898 177923
453 240711
273 356797
948 151618
206 499418
984 211863
121 811771
597 665410
784 287520
858 270343
111 998767
368 885809
893 872149
147 320696
694 800477
881 626301
921 565318
11 575730
397 190326
120 288164
157 532797
824 586322
332 674844
772 413008
191 760004
64 319684
926 547011
545 740673
839 840634
577 572513
951 945402
764 565838
181 538092
494 966905
213 422935
235 569084
46 343812
226 848019
649 46542
311 952900
150 911878
291 670719
917 779826
995 154569
229 81205
402 411515
572 919962
716 222575
156 855170
864 364626
782 371253
184 222429
294 166949
224 869782
35 786422
401 314507
57 914177
537 851974
173 990928
905 374340
396 901244
67 296680
456 476433
37 424413
609 85612
910 564968
684 818099
692 312251
778 578034
264 168470
679 734862
23 257097
820 715594
661 277812
732 955343
400 782183
257 784089
6 860581
816 675556
132 841979
535 316685
21 850935
681 578053
347 641228
132 23248
989 792265
488 182596
148 584353
843 190933
724 474269
509 478829
260 246181
998 361681
689 662871
823 71990
565 351198
412 748330
288 248043
155 100528
344 424801
993 419259
403 409826
42 429675
414 30415
762 638614
840 242085
749 98533
688 484475
40 618943
935 903904
626 146140
796 611665
162 704103
579 484368
606 604127
81 153888
69 395015
982 194597
194 777296
847 837385
925 451048
622 590632
383 87212
881 903533
19 335849
508 532661
36 819728
548 424921
318 85976
570 514754
37 757230
935 202229
964 234311
322 147966
827 395950
547 90536
160 624784
859 977394
848 76100
251 845278
210 709353
341 913139
473 422856
898 601698
844 587097
633 274077
4 112849
665 123579
425 21480
683 891529
969 291953
15 130226
694 813874
58 855935
515 977339
265 900098
755 323068
676 784980
342 229527
234 940543
968 286221
980 423205
896 788541
337 553623
938 296742
310 557730
953 959189
599 326283
773 528178
823 55011
284 532053
760 573526
785 327678
959 282302
550 325290
711 822476
622 787993
184 202646
468 549237
468 107892
258 277029
406 714069
447 761879
591 669790
607 132188
982 770338
272 48924
291 113854
703 734107
473 742035
925 642124
566 641726
778 851953
672 236020
780 785653
109 45647
828 51880
591 158702
13 825322
978 380880
434 328267
955 295449
586 872486
71 823789
667 58358
838 683521
368 152201
402 958553
320 669449
120 244108
981 766689
729 500227
845 511053
253 514185
249 733850
253 107933
608 475284
931 316330
735 520310
1000 143383
215 863996
314 963282
195 329949
984 189984
828 421165
524 311056
675 727222
860 545549
442 254198
84 957906
615 870683
171 642063
342 20307
280 19898
714 760337
930 534481
344 474185
385 607332
329 478821
172 112696
417 125200
296 24293
8 853535
665 718017
37 788720
512 654605
970 326010
681 494317
352 97172
560 437213
544 139681
800 982199
306 69649
432 453305
574 989884
842 480268
901 792639
912 966487
938 579552
389 983913
699 51182
966 315582
806 748138
395 843217
274 746394
438 792639
723 717876
47 832516
273 553968
217 899663
142 629358
653 253472
722 579502
529 488435
565 473542
484 561876
264 411006
792 837345
112 235279
61 954359
104 166026
278 393917
546 683126
658 599253
489 554497
354 205425
262 392623
618 565586
846 504480
93 621883
236 639732
985 650252
280 469122
492 534354
243 129534
914 770252
406 240376
708 752601
862 274049
743 488509
638 638033
918 816787
634 121876
52 414787
955 268115
74 381340
483 345046
961 851301
655 205991
829 772686
4 986434
807 564972
135 279912
901 92177
469 777555
23 154785
348 470988
1 226400
20 424960
920 618178
846 208217
443 375059
615 787401
576 31876
72 781209
735 341719
678 489999
919 211162
401 402382
483 807239
3 15439
681 837084
615 396422
231 315942
987 421031
434 426697
355 49567
980 995114
11 930879
337 704701
873 399307
207 90818
861 857393
247 905514
854 750765
164 419408
339 54354
711 34307
250 950586
44 798808
584 821270
229 836196
606 692801
313 362198
148 178302
257 562963
293 544851
287 233852
62 173221
323 878946
708 196202
875 345385
209 815726
798 882666
11 235861
645 655818
961 271960
798 825712
499 667202
391 668268
493 571082
308 356267
167 558019
989 925703
524 839070
878 592123
565 301289
852 660012
674 880177
593 252627
452 322259
885 787976
330 29617
313 958408
333 17352
744 121662
834 675229
973 751656
756 315192
467 401568
156 887512
109 616523
470 143702
715 949783
105 275942
565 871365
2 450136
887 576182
21 733245
130 608553
562 419141
130 515506
256 516245
801 250831
921 174837
263 750596
401 113184
460 742542
531 696357
836 847180
82 771962
254 933306
874 859248
777 352831
977 581825
556 186815
565 309110
904 332395
122 730749
163 274547
824 702360
556 529605
215 523729
950 397783
704 666673
876 495225
802 927992
335 543078
190 345830
855 911297
783 794040
243 655109
425 295334
478 475364
653 612754
497 214153
286 160531
247 938969
267 96231
560 492515
913 94487
678 160265
637 138660
910 997910
843 349967
987 168719
205 218942
789 214007
971 750875
272 630203
692 733030
621 383012
959 337347
178 170050
312 999750
86 281133
626 770419
557 673911
613 231434
132 822366
973 406631
986 53790
559 392096
364 966530
464 199055
931 960874
531 357063
723 296417
911 81724
355 515918
147 566883
420 113202
599 593128
191 925169
344 240775
184 726593
583 593418
849 757960
56 641601
500 534074
250 466079
497 163991
687 967689
720 555219
329 673897
948 456503
551 795169
469 399614
355 564788
783 177706
986 491774
820 788316
671 869547
147 815418
980 310117
259 541666
366 4831
744 255621
155 724246
800 924583
931 535312
835 273611
289 163428
261 340395
372 464145
818 101837
534 558811
908 264170
840 418560
228 730600
312 816656
899 754191
512 380235
867 323920
436 786436
287 250880
248 674155
91 398389
619 914761
465 94624
532 763580
754 508728
744 972234
70 181248
781 975331
696 180174
775 381967
880 492164
860 225406
982 809987
741 610558
816 665763
395 303143
256 601816
108 219939
797 580055
513 350681
773 94470
965 399392
76 99577
892 166784
571 27856
613 615557
128 949774
998 329053
285 185644
506 748105
408 108788
706 428376
263 109770
477 769590
421 188268
325 660051
869 510027
664 169464
762 19161
567 724869
785 77938
159 104790
564 772600
1 255852
772 460038
552 943215
146 925102
967 741369
370 525230
44 551942
308 52348
845 780880
888 888595
38 176590
406 654070
4 722228
839 676521
888 598326
915 929823
643 370367
216 820877
491 971470
235 621445
879 752455
639 684064
29 493896
943 834851
333 540202
313 461402
314 529023
666 92506
197 412843
552 483991
85 391746
71 15350
375 489001
291 971125
21 6969
295 961511
526 653894
128 245771
739 112415
210 642772
809 722166
237 854348
24 270406
178 213153
559 818068
328 892097
825 740053
77 941490
208 405903
835 990986
348 828805
106 318669
896 164058
563 312861
42 306543
992 346748
69 474103
198 56549
325 581783
68 130152
806 735531
403 385844
569 837716
793 968486
555 110085
139 839168
964 201469
703 71893
401 32143
963 829497
7 686332
830 503662
389 639491
497 55721
100 327031
274 625770
334 412246
829 78570
480 930641
766 19543
429 611199
207 641731
664 645117
274 186859
109 224784
221 970467
941 346563
584 222079
685 548012
323 51412
354 8832
984 474340
402 609703
218 889688
706 356042
969 990233
544 660641
739 720271
172 554009
705 948298
792 40498
331 471663
785 436671
689 251730
656 133735
55 704426
162 32208
883 390538
568 375059
279 840419
980 250826
613 337519
377 874198
500 409688
109 409638
918 570367
390 34953
995 21065
549 784245
350 323995
36 471520
793 690799
64 219347
207 899239
571 726894
518 808941
825 821526
480 200629
644 120379
708 411178
158 929367
814 323613
530 745137
223 993461
336 80303
98 582512
819 650538
949 562263
273 558803
24 271815
6 220300
389 645972
901 119513
860 811544
269 309284
689 38865
227 925536
580 578833
578 327414
21 682207
820 740795
586 295643
715 625491
7 542910
80 341374
801 169895
735 90064
543 320218
733 897343
773 617572
423 550213
22 566121
569 453429
557 970302
920 549939
128 760667
725 146764
322 559024
998 204821
980 737400
602 562207
719 498931
440 340367
472 981725
149 822148
152 303188
408 242410
711 434655
428 506467
109 466897
601 409797
77 285565
231 746847
822 183916
457 220741
694 4073
794 613531
861 771678
446 51221
836 831112
935 926397
945 671892
419 259246
504 393045
462 440797
231 331166
434 935256
718 530793
495 244270
649 404386
744 901438
947 202734
564 607972
393 537557
277 919590
952 131686
857 312645
372 829994
579 78542
878 331808
886 505576
928 758304
453 609744
952 290947
865 47408
336 572191
999 527150
134 150209
677 90552
189 227867
178 731086
262 360933
759 504880
732 886927
622 365678
875 652684
837 637238
564 803307
967 249240
392 917263
615 964070
782 606303
994 213231
987 944583
768 982042
877 834461
966 889104
252 883224
452 648634
493 228801
998 403786
557 729678
713 97165
38 246324
780 233093
521 724226
568 875189
776 123965
549 851166
14 697037
26 418279
686 340750
320 511185
709 584666
804 826096
525 941124
360 610381
711 72560
789 532576
995 183718
119 727843
383 427742
333 132522
626 896861
115 582799
116 199821
982 773970
924 974171
627 486757
245 192417
316 49749
534 644516
992 467540
765 744368
94 90932
631 596207
686 458582
526 284472
92 743624
279 527404
226 482685
71 99900
800 525271
394 790447
915 928864
520 32536
839 72845
781 435731
554 173163
19 527232
871 581212
165 871128
868 371266
122 737132
297 93740
261 172838
924 983782
853 982855
957 565154
446 141495
59 761517
611 270195
82 82517
701 643896
778 202502
373 395389
813 327348
98 432719
852 114858
936 222359
254 999425
317 858814
303 50844
641 990320
137 681024
713 933534
121 158441
192 418189
720 206720
859 869285
828 662521
727 738524
11 967480
370 661000
372 147131
226 280435
290 315083
254 21024
21 978108
591 776229
630 630052
498 622601
551 22384
757 695156
477 66058
755 357910
556 520647
526 737047
29 411772
824 292014
454 23649
150 468230
838 764182
50 446066
579 723258
899 368936
362 267706
75 844339
771 886286
517 554035
870 811959
368 494416
533 55893
325 539900
456 845109
169 398854
527 312408
39 874162
768 224326
53 459357
277 718745
745 42671
9 710535
345 292473
599 86439
356 958182
678 444156
391 105182
869 421351
264 734214
279 756422
481 722107
811 591603
233 862916
228 274880
349 674536
687 317454
54 486532
686 656197
175 299743
368 645670
454 498249
266 906684
68 205221
799 201073
283 21160
519 715292
371 519906
895 540463
88 959777
124 889279
180 814660
589 561478
893 656333
197 930866
970 661520
354 546576
439 217840
741 471187
666 656337
526 567606
874 573888
963 300546
236 224806
892 909096
945 99635
191 37544
567 207952
291 208882
113 119101
739 996762
582 269945
57 41257
212 115695
852 595574
94 841541
319 40691
169 346344
639 784132
223 693452
721 788514
454 776640
806 512534
89 575766
949 884481
744 145607
571 589999
910 611389
169 7621
759 94354
833 201904
612 308918
374 577316
45 555910
688 732566
577 366127
673 853729
741 967739
631 521164
679 540970
678 792757
733 470801
737 345447
87 88440
261 792727
182 843645
643 133461
687 534799
823 299805
840 84605
953 959428
406 275388
456 142448
401 583511
590 556553
949 886969
372 251628
221 197486
514 158670
997 828863
107 94700
412 445949
731 558649
892 762444
158 51986
576 291529
527 497491
938 804343
113 472364
742 653026
254 395470
750 670494
729 883416
330 894498
850 98342
491 591374
366 256496
197 273636
263 595945
591 653867
855 523206
840 839933
293 656598
512 666363
186 131745
920 20671
339 955193
567 589326
35 310181
490 284664
827 421109
718 355504
17 312071
21 347991
579 409264
779 680677
766 579782
468 141639
424 733826
101 853868
805 369859
203 426969
490 604141
83 633317
276 152225
103 781782
884 939798
130 904226
233 275165
993 360658
338 595570
605 503321
359 316534
657 135562
818 177745
156 686175
32 960589
540 977006
694 894375
992 994342
193 141278
271 791615
286 593133
378 5607
627 703077
779 945457
264 80771
745 184384
909 787162
105 532346
738 196857
58 157896
477 707813
605 592609
227 121233
216 456669
950 608057
157 761855
127 731159
835 765340
769 983468
641 90137
386 831448
458 189185
526 462709
298 123811
193 866998
579 846810
465 809853
692 408606
710 100721
431 10383
679 75502
646 920922
819 443919
281 664485
736 521798
622 254900
299 984812
205 324486
196 156757
167 545505
829 13394
427 235345
592 244882
596 266896
322 141386
650 615744
128 327433
108 844908
860 366865
287 60252
444 916087
838 340703
447 988612
886 761659
669 982868
484 653664
802 678755
749 441602
710 509679
289 648317
724 804409
157 96547
701 755133
940 270825
1 228913
178 429192
785 876075
981 562439
371 323506
344 132349
931 56062
45 880868
315 319820
534 708025
903 880058
71 768064
911 918369
508 68365
842 479520
435 538885
779 114652
742 29227
907 454181
455 530238
211 142332
736 637391
891 271729
582 804441
988 610257
617 636097
407 327813
731 409517
56 219982
362 840545
866 972660
308 288084
704 830549
518 981929
869 785442
785 145610
49 155357
329 71998
825 312967
467 365507
290 305063
67 498167
465 682045
831 53552
874 410756
956 158980
195 138397
155 439338
220 193424
23 354111
869 484726
709 864933
347 67074
113 554030
25 400894
385 861254
152 885545
104 375038
75 162838
545 916493
865 684376
942 469097
455 612033
436 667347
9 943514
68 19001
541 7333
849 920717
213 19998
961 372642
511 227504
203 530670
2 126883
579 765355
311 347419
76 819144
842 661005
923 572213
211 494234
755 631419
518 227446
611 749162
891 935170
944 600044
522 929045
304 441966
239 543441
869 35855
165 45610
289 855513
307 511681
220 721037
272 589207
360 330699
620 502117
357 887135
788 595752
694 704334
297 73074
534 281672
878 359507
64 135464
781 325551
451 140142
901 205201
662 459477
753 775533
461 125072
376 530250
704 689328
428 747670
636 731209
353 706220
217 927907
500 248593
808 572187
310 982437
862 299769
796 296164
441 789509
292 672884
109 684307
406 49144
724 750709
628 705971
424 395079
128 912473
278 622142
737 48503
153 119378
201 670619
424 95763
157 787742
901 910511
274 390525
19 582921
185 690911
275 373646
766 718849
899 42680
203 96317
852 453661
748 972577
518 735178
879 91268
698 112849
746 728187
972 11619
216 869690
299 878750
729 512766
230 476718
77 106103
76 634274
53 308170
512 307606
631 296508
567 23198
444 490924
568 629642
839 403423
352 697684
844 963775
750 357318
554 697829
209 991665
894 101091
652 851057
382 776150
451 778268
527 701265
142 993297
220 630877
255 78501
27 824268
520 878344
53 88829
398 748974
842 403705
484 422946
527 503908
694 279165
590 116439
803 846276
791 277787
205 616520
528 611792
521 834390
710 890675
149 376582
943 203814
763 980609
814 987969
609 755924
498 420406
953 108354
44 777858
28 742165
323 809487
270 384796
317 144175
798 95681
620 319027
573 690129
498 389746
608 929454
51 121021
635 768962
486 575463
996 803401
903 256945
961 682641
212 821595
808 912014
834 745887
337 500814
851 43816
801 890243
30 139688
646 364535
860 948334
914 75337
522 458750
374 497653
760 744467
492 684114
309 214784
577 166357
68 105716
501 135940
255 168307
528 327652
510 560857
971 276859
100 976881
392 647314
927 300812
208 586746
882 99822
575 961448
944 425282
973 759123
407 633733
763 736577
783 415712
328 384473
806 654023
104 585028
385 209086
616 317149
248 36307
968 402343
367 919263
61 88822
581 433151
722 897021
235 361143
562 552751
802 609317
5 964817
561 12195
349 636660
738 818702
179 827024
784 48332
411 31580
416 541402
697 476227
224 936507
710 537408
128 551413
587 276250
428 676910
929 293946
51 228044
658 510361
831 268473
695 608999
241 536165
223 425406
824 869022
161 917709
798 731786
351 622552
55 418797
639 9373
863 707638
918 682001
911 747307
267 25801
724 275781
534 735477
828 626303
435 25302
941 938040
807 8032
676 21024
230 354435
463 822783
894 49116
520 859320
635 621864
62 892860
16 386704
97 582763
519 262295
154 368990
637 60345
365 467528
581 537454
76 508859
567 304572
649 57942
285 781155
911 437356
194 205825
790 774080
383 595566
913 879820
523 266994
838 985209
623 879722
257 20465
875 791337
157 659248
656 988971
664 280529
419 648429
626 741525
883 602688
274 479526
791 971589
189 370217
415 715186
4 382722
941 24914
224 126426
63 456275
573 558475
589 765193
464 226988
537 258280
591 960007
392 281190
803 631104
363 336511
52 275089
802 14698
354 184776
582 129057
91 482922
409 982902
373 718104
693 472976
442 656928
165 362493
459 126927
500 137633
931 265401
952 610901
913 447683
883 375707
489 152816
654 370958
496 437560
665 618150
321 475847
619 850841
649 417345
603 971757
692 410763
289 831305
145 148133
948 540444
817 609811
713 883189
615 571651
756 807113
485 125721
775 815083
19 814845
500 37966
852 678678
184 926974
519 815872
574 342173
222 754081
940 596905
63 849674
350 39418
621 843361
982 500050
562 349011
885 38293
739 549390
57 377663
776 800940
706 390077
46 493019
946 209707
499 497442
217 951509
102 900902
10 130969
192 691915
206 953545
27 74670
83487 8819
96719 14685
55466 38712
61036 37361
75741 20384
65136 3602
58006 712
75738 43293
88315 13935
89970 46026
72464 9753
71958 14334
66358 34911
88691 47233
52637 34167
93999 11239
71274 7164
91651 17565
67396 44634
68022 39777
89496 49416
51509 15790
81357 31714
56575 17939
97618 23073
62684 20175
84163 28074
86413 33772
77258 47984
96782 46197
64833 42486
85704 22964
66694 3765
97268 5740
89288 12406
91402 1760
83662 31197
50871 21615
51927 11651
94141 3549
74252 46126
88164 607
70097 37439
76670 8530
86218 14471
76856 18376
97498 14375
83661 2832
75927 36419
70261 19553
66810 26818
93226 2035
62034 5428
86811 4026
52120 42416
95577 49279
89325 36697
86111 11949
68223 27869
86350 3605
84298 34778
78710 28159
51132 34749
81185 3693
60305 3416
99658 28237
55197 33727
83627 40364
64664 9040
55588 6033
53235 44413
65895 9869
94728 22518
75423 9165
86400 24519
68113 32937
75407 7052
56683 7389
80841 32365
67738 48065
69320 33194
97799 46902
51413 40948
97265 35040
72500 43013
58822 6747
75580 5069
74202 37163
62835 21146
99291 45012
72745 22643
51355 31730
93403 40641
91612 5110
88792 40043
87770 32174
85984 22412
99713 32688
76519 45379
85840 49203
57001 39623
64629 34681
60344 12645
91576 3837
52849 46887
99716 22181
56157 531
62288 11220
52387 16989
58363 11855
61899 10154
88358 16777
86109 4418
92587 2878
71447 42689
53083 16745
98317 32634
51606 47602
97883 32568
68499 41415
84950 49843
91168 21013
52929 4155
92947 33939
86460 13701
65374 35835
72390 13679
68513 3175
77235 4384
73770 31252
89208 30545
57703 10565
83027 25091
97612 1527
65880 20011
54080 46972
76631 13473
82722 8119
62713 43441
72585 34947
89960 12523
94488 8399
59150 29117
80801 47882
86070 38347
71568 14503
72527 9800
72328 27709
54095 31124
53292 15198
56628 28770
53891 33058
51286 16981
54046 37871
95976 12118
86102 16391
96237 32133
94558 3966
51799 43897
51928 9671
56394 33509
58099 1482
56831 30170
65122 36980
56741 46179
58504 43834
99714 2609
61343 16427
94536 39875
74217 20338
56226 17329
65933 4389
75133 30373
87923 24765
77444 48471
58475 39042
98307 43396
80599 28049
62445 35754
84568 22365
87465 39363
93494 48352
72887 12907
65114 49052
65505 47695
93557 13843
91148 100
76260 44639
69006 32241
69963 17343
60169 28443
51469 28990
63349 32379
97358 43681
59308 49389
65040 23533
85215 46232
91209 38339
58327 47013
75382 19706
52997 19918
79257 33975
75546 16516
56205 27658
60978 10973
68698 34696
54139 26424
87044 43745
70965 39646
98478 29214
69953 46151
91196 24025
80427 11686
66118 12376
85204 26546
96248 647
57704 43618
72118 20865
69807 6933
73597 35451
84559 8395
78277 48413
98366 7587
57826 10686
59893 46193
84074 24586
83376 31099
76561 979
84321 18833
55119 3874
55077 25464
81428 13000
51071 13777
71682 21973
56400 29658
67592 19684
50088 27568
75471 22785
94405 27647
77580 36456
59146 20313
91766 28540
52444 18750
89298 39856
52422 3502
91307 9797
67084 17128
87069 20881
56412 17582
75184 18680
50944 47144
54689 16714
76064 31985
54396 7177
52885 49825
84822 38148
83912 32456
66215 26549
53145 5156
72981 44340
71036 16352
55227 39366
58685 5737
58792 26918
80596 9021
62180 49197
62388 42994
70782 25873
54605 31521
62480 36584
77425 4493
50628 49623
65508 17780
76992 39771
61964 39824
81852 28531
52552 25354
96420 46584
83629 4045
80313 31114
62315 48290
82066 10825
73039 8781
64017 44733
73666 26835
90192 21522
72110 8487
52585 24659
76384 37936
61205 34929
61449 38359
94732 18785
71934 13042
76795 48
68032 10857
74532 24755
71862 35266
70911 40287
69590 45325
70863 31153
72450 4990
59183 43276
81631 29938
55770 48893
69057 8783
67290 24396
62963 48717
76121 40673
90019 15067
87107 1985
87337 2112
82557 45764
96679 22255
88478 6115
95884 17430
73803 6899
68995 46339
81489 4825
59705 14658
91627 32233
79276 29240
88020 42623
58574 22645
50534 46409
56377 20826
71761 29167
91516 37143
78839 3696
74644 18927
85508 15594
53846 22139
83435 38982
71880 14407
68091 23614
82735 36029
61168 11003
58515 38620
76438 44527
72831 5204
53913 29276
81685 14449
70104 3871
64670 14066
80599 15245
50543 47589
53763 30920
59799 43153
60993 11629
65061 39743
92176 26222
76342 44805
85133 11383
70716 11600
55732 31167
93674 1486
87572 43933
70476 11510
53468 7780
65571 39396
58769 28557
77454 21461
60113 17215
50836 37003
84466 25038
75886 38637
99876 4061
71730 5951
96709 24465
85641 31673
90963 32915
54178 40342
77212 47377
75280 18796
80593 22163
89086 28562
77817 21589
74019 38707
97970 49765
61985 22686
90674 2043
82583 22999
76651 20032
57622 4574
63917 9900
86480 33978
89318 17088
59788 33553
85412 14013
94806 8038
75835 28287
90308 23472
56274 40217
97700 34995
99800 4046
86129 16574
75396 39817
71284 15216
95738 25258
93798 3351
52665 25630
90419 43927
97761 36713
80843 32003
99314 1251
57971 44475
98719 35996
94968 38146
51426 45917
51907 19114
73609 36733
72968 7262
86766 34892
85353 34988
54004 30560
89383 2702
56893 4441
65224 34260
91784 39299
60724 9999
84360 42056
87497 13948
83440 36991
73503 40587
81995 33077
77350 30634
81304 35046
92491 7459
58466 19560
86826 24800
55277 15989
91789 38934
98316 6611
78914 48021
65328 46609
88346 48490
97819 21664
50318 36606
85123 20859
70588 44479
79714 24117
81984 49817
72793 36942
55726 28513
56325 4305
78395 49246
69450 31581
53931 29476
78796 2078
93556 35246
93564 15511
82498 9943
52959 12063
82820 30086
67099 31221
59956 37124
57818 18833
80324 44970
97505 39768
81764 2107
60938 49851
73984 13820
99742 19821
52357 43500
54191 11407
57572 42052
63200 15114
80783 48604
92056 8888
74913 44822
71979 21104
91163 35436
59369 20604
94328 6641
87987 12473
56657 2582
67463 12538
57853 24844
78573 44728
60688 36929
55177 29114
60389 13433
59297 37805
67446 43226
92761 44321
76104 26836
73066 11008
63523 25355
55201 31292
95391 19267
53635 27091
87643 37494
84014 16481
78774 3460
73483 43603
92208 25416
69808 18355
69259 11987
52306 27525
91339 33432
67895 47677
76748 23715
89417 30794
53635 32151
57239 43123
55085 16818
79206 12973
66531 21503
50068 33654
83679 7111
50589 33505
50600 9125
51014 8110
93833 5061
60807 20869
59249 45832
97654 37663
80499 775
65854 17090
73837 23185
80495 48327
76325 12388
52638 46633
78431 31076
87117 43579
82604 36842
51862 26870
79709 33595
55040 27135
51141 14051
94340 44738
80060 38239
88890 8557
65440 15829
82972 24394
66965 40640
68540 42922
59373 28123
93889 47051
69635 49129
99197 45286
89585 3983
77114 15383
55090 18767
71170 22170
56434 16722
57470 4798
71697 33649
99510 31689
54662 5071
80200 9000
97456 17638
86851 36625
53928 14509
83203 39303
76242 2115
76743 37241
78499 48060
66285 14872
77420 8677
65088 16690
81732 12612
67592 16976
85252 42433
92784 37336
76475 26635
80884 44848
79682 40680
77737 35840
60522 19997
73094 42818
96545 21638
64784 31305
95668 30435
83604 12107
55806 4720
98126 32845
74831 5935
97494 12457
73656 21475
69338 7198
83106 33500
91110 43957
53582 12778
52319 17355
83415 927
96944 24192
76036 33110
50812 15482
55657 48362
52994 19798
57421 36885
57311 40413
95063 20742
85437 17487
79425 36925
80008 111
57151 34886
53377 43387
61993 45599
57628 44310
70211 31800
65076 45699
81454 694
66047 22704
93831 22884
62652 20909
85405 19495
99672 35304
58576 48989
69984 26806
98709 34017
87456 22943
62998 23485
74010 12183
58918 18668
82627 35445
98258 38538
71911 7298
91235 17531
77452 26399
68448 38901
87220 34691
68369 43036
68029 43184
52254 29928
53987 48097
64405 8628
85668 47298
51403 22933
71780 42140
73273 33925
89351 28507
82360 48459
90604 3502
90408 49417
72073 10331
69529 11922
61840 22988
63709 16838
58465 37242
72565 14283
98986 24676
73831 18601
71066 25180
59041 32882
67555 9502
81560 40173
82045 31534
65753 30526
63351 9293
81888 44835
65768 1704
77255 22381
90147 2845
90758 35273
92938 31082
99401 42458
64170 31076
50863 48693
73380 32225
93918 30793
75979 34002
71540 49113
85993 34641
62265 36903
61884 6995
69520 27374
57102 42057
60780 43948
90626 13849
56671 23738
72490 36692
80382 39290
89270 27684
86272 47052
68950 8948
99397 18493
58305 46252
83092 6796
63406 22263
82684 31962
59983 33378
89276 23678
86446 19540
76590 21154
88544 42725
64990 8141
73974 45660
80024 25662
58498 39224
61599 48017
69206 16987
55034 10994
75368 590
54522 6667
71713 18869
62310 23531
75237 31265
81383 7430
57534 27339
56319 10195
83665 2660
52468 35254
91842 42758
92203 27481
92066 10533
86752 2937
78982 3096
55089 35484
85364 45343
64298 22490
60791 30400
90012 34431
92945 35809
75078 42395
81520 14308
95061 17171
62601 5418
53863 28200
88849 10069
83836 36113
65915 31455
52901 44472
78139 1104
73839 39871
90825 39472
60009 36637
78946 4714
88464 6120
71848 35416
96988 46208
83497 10801
79139 47606
67757 17116
96875 45640
61016 13487
82669 33466
77264 28344
81813 8914
53833 39736
59510 10559
82284 10295
67322 1783
98662 37768
59415 42636
50236 32746
95917 33098
63277 14007
97068 26368
64688 9613
60579 9737
93259 28806
67363 49350
57557 5511
76002 10234
76212 35554
80427 16129
97488 40295
51586 31613
70281 29614
70389 5822
53075 13050
54783 43709
53215 16730
58230 39558
96870 29217
94836 18640
80222 16544
64258 19979
91919 16781
62496 22148
74767 46499
66130 31319
91769 45941
94965 10466
61789 41792
66159 32610
94785 47196
51651 40333
81252 27422
75540 47739
90771 25469
69537 29633
86837 22831
80079 42251
58961 9024
57556 42726
54335 24063
69887 29367
75852 34660
74326 13755
93847 46993
89895 3596
85864 16485
78063 37357
95457 32727
73129 24915
62796 33717
69423 26799
74083 42552
78748 32956
89679 9315
54866 19842
82824 26057
56998 27604
98460 20169
87369 12732
57147 34839
50162 34609
52478 24984
69031 11586
78375 4105
78155 46834
76532 14940
53329 25712
81774 23968
74014 29985
97646 18651
52925 8236
83054 13559
65436 33170
95421 551
65987 41912
96076 28165
91925 1331
57990 49065
76799 2495
90189 27783
99245 26108
88351 16662
56172 45333
93832 40297
64298 350
63824 30123
73209 3769
79029 39260
75923 38213
50867 10098
84088 18149
74720 17054
82578 4216
72053 22573
72633 39529
50726 30679
58259 11125
75074 25703
89955 35189
92357 17255
55362 41159
71611 41064
82939 41981
81856 4587
68816 21810
73987 2143
55483 36820
70793 7159
69295 33747
74349 46615
55900 24740
99333 11403
59633 48130
79856 24724
70219 1506
94187 7424
87788 913
68515 20469
77799 43036
78212 42826
78792 46652
71520 3761
91648 20620
73932 17525
83150 43288
89540 31212
78586 28004
95503 49945
93850 26278
61213 39665
60695 4977
78124 42583
70506 30238
73338 18502
80896 841
93045 49931
80669 29750
54046 2413
82253 46399
77325 26346
83749 19451
73213 46159
75223 38524
63704 9859
80388 15732
61213 25569
74220 26677
60077 47344
69138 2004
95542 4240
72747 37737
52935 30659
58581 42502
85186 5398
71091 5425
71807 17179
95910 12880
79037 5636
74616 42432
61667 14414
94786 40626
53845 42360
75502 2771
58866 47102
98502 9926
50106 4294
87499 3360
59229 22262
59106 16527
84719 28416
52905 29128
50599 3900
58871 49260
95159 25552
83313 42214
75590 17134
66952 29651
51864 36298
72848 45615
92639 19991
73708 37496
50923 8045
87349 19889
94541 47961
72090 48053
54489 28016
64656 10822
84745 42593
82010 48849
91679 49223
70069 1280
73379 30887
98186 32332
58282 12332
80934 34588
84199 44093
61639 39054
51579 8344
71436 25249
88073 37293
82847 6189
76468 42074
84175 27520
59193 3950
93909 11781
74793 46731
85576 14019
68463 47597
84028 46575
92688 24706
54294 5903
78704 24197
60202 5645
75360 35867
80229 25268
81605 5177
52999 21497
50901 8752
55960 10553
93099 15303
69003 29179
65530 31683
85071 34642
72461 5812
84754 14738
97741 31423
74545 16860
88508 8148
59739 29495
66542 17307
67091 13917
55255 15136
67972 48591
55663 13624
53279 11558
90898 14111
62031 7207
52453 2576
68910 15154
95843 25936
57360 27192
82133 12247
92941 40838
65791 4748
99485 35986
61719 28155
81691 35217
84705 18534
83260 8082
80294 25958
56745 19163
75716 21084
70087 590
71790 49688
59672 231
82723 30741
64123 13589
99388 17855
57470 34850
68687 40322
89843 26817
95953 47312
70593 10387
94696 27982
88289 17014
94767 34237
99049 7515
87186 7456
51510 46482
56809 21166
79938 15812
81074 16246
61829 23389
93943 18058
99991 7012
74366 13050
96067 29976
50015 11949
56040 42200
74800 33102
81625 34191
80349 20849
59828 30795
63507 32849
57920 36745
67451 4631
83887 33790
95188 37753
66643 45972
65769 11052
54157 5631
65506 23383
54096 8075
79622 4071
84756 36468
92397 1400
67559 27633
92372 32231
78574 35102
67770 9985
72153 25157
73799 18934
73220 24745
71661 36496
65049 35422
70518 36458
83363 23624
99244 35887
98750 37950
71304 20977
67514 31547
52531 3266
96735 36801
86984 8306
81194 16330
67706 39045
58389 23036
99681 19536
65012 40552
89648 24848
70555 6656
86322 44663
91374 11026
82227 12437
89489 3350
78379 29311
56958 26736
52133 5726
92628 11666
77918 8326
78396 28113
58776 21713
70071 30737
55646 46744
97668 36928
62626 30381
89998 23645
68002 5496
58385 3
95434 48860
82173 38757
99906 34773
68083 22472
66664 42209
56652 28311
90889 7640
90297 4951
91608 42025
67189 40264
99361 42290
50439 37477
62663 19547
52900 5208
83337 24144
60705 20653
74148 30106
66630 3601
58930 35417
66845 41174
97472 48239
61946 11254
67197 11931
79333 12450
91838 26913
77826 6470
82558 3107
54818 40506
91731 39966
84082 41143
88636 10868
81281 388
87718 21553
97392 25837
89118 7900
55202 25295
67920 42316
87426 37010
94830 8740
59395 21219
83357 26381
50834 6653
61882 5326
68553 18292
56345 30698
73917 9566
98941 42551
87494 49389
59044 32630
93071 23085
85146 10036
54147 35207
79294 38140
92408 25200
90657 34566
93144 18593
56794 21488
69129 18755
94391 35608
91534 6279
90191 33827
89943 37295
52258 28045
51684 47868
99265 10909
77959 29621
81610 17236
85078 6049
51004 34723
67968 12786
61065 12902
52967 43998
89513 1024
55051 37947
80619 3380
93368 38502
95479 3901
53430 10511
82878 31707
52462 4005
98531 14170
73084 15386
77443 25249
66447 2530
52335 39732
58750 13022
59915 43383
84581 16863
76254 16927
51757 11817
60522 31478
83753 1878
85126 23403
56348 47635
87782 18020
87944 12747
51148 25521
50562 44494
87912 33966
72257 37406
84843 1541
76918 25766
96009 9037
67925 49816
65069 42051
64913 30305
70502 26755
95493 39546
91775 29603
63423 21534
54029 19820
85175 691
66689 31078
68221 10359
61309 34944
76929 34137
58179 27336
73980 17104
85993 18301
98940 7244
66473 41262
79484 583
72517 27198
72898 6727
75752 15671
67169 7476
94631 11256
71471 23712
51014 26237
65633 25720
70391 44457
92819 36870
80093 25347
53812 14799
71230 2554
98509 14560
70727 42053
54114 12224
76954 15500
79409 23745
87283 24941
62600 18777
80008 40828
77491 35272
73246 30730
79730 22933
86744 7568
92217 17433
93627 47592
73426 7639
69421 25464
61469 29175
70091 34845
71415 17182
53946 6304
88616 33452
75765 37671
76806 15361
59685 46202
97512 18156
50783 34160
98869 25522
63558 46775
76730 9528
92962 44172
71418 26029
66297 18924
84671 47718
90153 44808
86927 35607
55751 34494
78139 37579
68706 954
81729 16369
96865 1129
52497 43507
56731 33973
88364 14579
67669 32626
61000 24517
68213 15251
84160 29299
79478 12554
79448 40369
76132 44075
97503 43758
60279 34459
60669 37491
82301 14650
98284 21211
77840 26826
93075 41391
92550 4843
73660 48189
84471 32565
87463 11716
67242 9169
72376 4143
64296 40741
85148 19548
69074 21001
75657 19511
75677 18506
97763 22103
52635 33419
64490 14549
65094 48051
69777 29477
84070 23080
75786 10291
59538 29845
72748 283
64403 17306
68166 21652
52467 8657
81534 21258
92677 7112
56994 36326
99710 49088
68080 10205
95680 1825
96849 33490
93480 19304
94128 39736
75406 27166
71736 44328
93913 6214
53339 18300
65493 31426
66063 39126
71100 2162
84962 4431
57057 43803
59007 33040
56557 40048
69321 3462
90752 24720
80180 16822
61977 41931
51587 34061
66385 15074
72555 18226
57873 11018
92759 26171
53284 34253
68181 24953
77254 26813
78957 11041
76924 7669
89426 48471
72990 19919
58257 47609
59119 21643
52599 14581
62861 35971
71695 3448
75860 8536
96472 6853
79437 25847
73556 45454
84659 47806
90701 32033
52710 2390
75731 47042
55736 39116
99473 30913
79141 10719
87981 19720
96880 31912
87197 18020
63065 1937
97239 21501
85003 41508
89601 38515
65809 49233
51752 17399
80232 18747
89852 24147
69007 39359
97639 20311
99691 34306
76654 12433
85127 29495
54320 4488
55833 37370
96844 12485
86464 39243
65344 47855
90137 46410
59004 8945
79441 13371
92308 41530
79077 9590
50164 18161
77157 39103
88638 17651
51463 20269
52591 26299
64967 9128
87583 34956
94012 35828
89463 16110
95526 36325
67453 5106
83667 14557
72491 25668
52690 16185
89086 42988
55135 43285
91290 13777
82092 5943
96619 8923
65408 26991
96614 5571
96233 8249
84286 1177
90574 48523
64674 14370
80495 1041
87587 17292
62782 38963
83364 39983
71558 38240
77450 18961
66969 22842
70739 39110
95560 16589
50211 18227
55356 28205
58985 21037
79010 24059
71632 41571
98594 11907
90785 23845
58624 12790
73270 27535
66251 46735
59321 37318
79796 8643
67835 365
97177 1498
73409 16516
72814 5157
58345 40446
85741 27275
83530 5982
89508 25076
77385 20445
93965 21697
74088 4683
67420 14885
97305 24416
70769 48436
83472 18029
71261 2967
87382 21539
96225 28873
94218 8719
92209 2770
72530 27681
96024 10829
87199 34760
83126 5975
80606 797
78564 41127
92155 4152
67943 13252
86816 11970
82675 26104
93164 4808
99815 11231
59822 26264
98646 48603
93056 23548
54134 7208
83521 1856
91409 327
73499 1729
96617 45993
69667 40692
80457 13353
54030 26880
72934 29847
61376 10426
92996 20925
60096 36763
97605 33183
58840 45312
92716 3732
92841 44253
56496 28203
51771 2622
64956 19484
65681 9644
65123 36605
97483 17641
60272 39005
88885 25496
54172 46977
53805 14092
69385 11464
88130 42939
58043 31068
51576 28558
62486 28168
64359 4920
69411 28193
71331 31568
82220 9634
71927 3693
59382 32888
93083 40062
59887 40582
63460 47827
57373 5414
71818 11739
53510 6957
86965 618
94477 23210
81008 32279
99658 45899
72448 22272
58467 3179
66590 29834
69302 29180
86624 16889
66729 37677
72278 40519
94696 7416
76079 38149
96317 46235
62476 16972
57918 48448
99052 9550
99088 36027
54839 40878
90634 4384
93559 24457
86116 28239
89760 33791
94238 48157
91887 45682
95101 28592
86432 4170
87264 44774
96746 45938
87217 36323
64646 27442
83767 6757
65901 13530
73703 33349
91487 33112
85995 34893
76415 36231
62587 41248
83899 612
69096 46074
61530 34110
52600 33270
53983 12617
75371 39062
86650 21374
79612 4898
82509 25811
90851 40176
81259 7090
79079 31196
54348 28025
97041 46068
56766 41934
77755 25843
98582 44605
93527 37560
97028 7343
67357 30162
96404 22984
82508 7034
92673 18350
60210 15597
62484 27793
87559 32645
70170 39547
75283 44579
60467 42677
59343 43498
66167 25939
61465 33547
50963 40605
54561 33993
83233 44587
99296 15784
74230 11453
92649 12055
89556 34228
71495 32279
58496 36416
73126 5175
67486 35911
77710 37070
60168 15119
54186 17108
78510 36168
61287 35004
59623 7321
51496 242
79861 5157
93158 13885
61158 5786
55700 17202
81655 25350
50448 34853
51604 29846
97926 11532
92379 700
70559 14961
92990 19980
99846 4548
66934 11571
64139 14155
90165 41381
75153 13735
91524 40129
55170 16469
84571 43011
62642 17981
52351 5511
84864 48954
56085 20821
96185 38918
52181 35773
70519 26082
62698 2127
64279 4175
81189 49015
52632 5980
69809 29444
79519 34988
63794 7172
88280 18627
85895 37166
85943 48381
70222 40315
57084 39163
81766 47777
50260 24682
62352 44846
81580 39682
72239 32813
82241 32265
53614 48600
55283 28129
51168 30203
91400 15061
56867 26608
69276 48747
50206 22189
56006 30997
63001 24502
66006 34314
64572 5823
96523 30861
61184 30963
82753 42615
77777 35786
80295 13462
73685 33930
79567 21536
78662 15261
97054 46229
91483 15819
82579 46305
87445 1108
69252 18731
96405 35964
60420 34590
70619 43987
78210 16497
54153 18064
73259 2116
53622 36825
84238 13577
58478 802
75312 3149
82102 13552
96710 17826
74334 20536
78624 34090
97327 41448
66822 29618
70740 40978
97785 13273
68518 16785
88940 507
59615 13625
67932 29470
76223 47711
86298 7512
58989 7202
79050 27643
79525 16517
89844 46110
98560 39883
90807 18826
75185 42333
74781 6878
89692 8826
78794 3119
76177 3004
81438 25151
94838 9859
66442 8392
99891 9152
98527 21286
79670 22544
71410 9374
53414 19539
76443 12143
54549 30072
94317 21764
95839 28631
68736 23042
96879 13178
94810 11044
57569 12457
66924 39921
81618 30705
56376 41591
54403 33552
60305 43782
80989 5631
67355 5195
86174 38588
88097 23687
96641 3731
53397 4028
89340 18681
66289 39172
67299 40021
97309 33773
77642 9003
62410 19685
95063 14550
71899 28397
67046 5794
68515 46253
64390 39971
84873 40213
71824 32309
71544 31339
91208 40593
63331 6518
64877 38248
91078 30166
83834 15999
66679 32621
58143 39783
94075 40670
95481 9096
72758 12465
71950 35754
78186 2352
73925 29584
80160 10769
82225 32977
98277 22464
86991 43812
97211 14439
56421 3335
83841 45037
68650 28844
51133 29369
73348 11537
51381 3282
86141 19243
76973 24053
95743 35182
58506 36049
93806 39579
61253 30354
64245 29110
79435 19352
79384 6706
63778 39219
50184 34764
66822 15981
82358 49025
71330 43028
65887 25965
79018 29107
91557 34417
78340 10621
95918 29008
70247 901
83701 25206
50859 20988
55919 45317
89456 36008
68056 26062
52747 25053
84764 9849
90747 37946
95361 29024
63354 30403
50577 10286
85951 41239
74230 7983
55040 30253
75502 40084
96676 3552
56174 10407
79526 44708
98963 3685
76774 6451
56627 44108
74858 4601
84978 26658
83234 12408
92385 34655
52809 19433
87425 24137
58647 34192
56501 49738
62115 47850
83156 11184
65062 12358
60110 19297
92475 32397
56758 33336
85170 8127
93790 16928
90356 46604
80033 22668
78848 28939
52009 39537
68212 11738
78160 45313
60584 25251
50036 38725
78580 43208
58756 31238
53425 5531
73575 39848
54061 3676
76796 28819
61224 2111
95803 30719
97596 37241
76442 23291
88009 10983
73852 1610
85502 43355
64645 30907
65812 47300
85720 28068
91220 9289
79809 15194
55177 22642
51726 9696
50496 14948
57656 5737
89708 38550
86528 27195
61030 35172
97988 12098
92817 31184
62528 16334
59019 16559
83521 25531
64336 40375
71302 8491
51273 8611
50527 8242
77122 42129
84151 14013
88312 49449
78686 38847
65089 10666
72607 8602
98374 43970
60305 11735
99979 26457
63016 23938
88320 24475
56379 8452
52496 112
65792 28318
63078 38058
96452 23520
99119 7435
73607 25635
59322 2752
51507 31993
89084 41277
87133 22943
58097 24582
84517 5707
90781 32616
68216 4984
85920 10290
86165 42540
56791 6675
63388 21218
64783 34513
65249 37848
80629 30099
93376 38071
84025 11212
98683 34026
57153 17893
82927 40446
72442 9781
59029 20869
88841 32255
92388 48230
60751 2904
72755 41988
66619 14356
62380 8665
60217 39868
50364 22832
78920 28910
94952 25356
71513 23042
55161 6695
69156 8436
77944 12139
99829 25938
72116 14295
62339 42323
85952 9631
76449 40018
67482 24563
78430 19767
58998 42857
71735 5904
72729 15737
66988 24929
98113 12086
89583 29621
97826 3924
63544 12959
51243 37898
61974 45714
96455 24630
60385 47657
81584 22567
86987 48467
97758 20043
50693 38815
77180 8933
79773 42192
97899 9402
76660 39870
80384 169
71470 10505
97817 17525
57475 25866
57438 14720
50258 36439
76210 25941
98309 22307
98968 2050
62544 29296
62418 42112
86627 49698
90580 13873
83375 4817
65031 149
76949 35898
97002 44121
64554 32067
81779 22669
61399 17769
90755 27167
62348 3880
81464 13337
78996 48726
98140 32852
81092 18316
65402 18344
60446 7250
61312 22129
80130 25286
67632 1903
74755 22297
69441 12010
80151 13606
84115 17776
50521 29744
69472 4525
75369 14390
67101 23798
64082 23798
72304 49730
90092 13980
53803 1861
90552 26148
72822 26986
68969 34036
76971 36556
88242 40975
70811 48721
54458 47095
77358 33348
75196 35330
85368 941
97435 31640
63494 5119
61059 13670
74776 22638
83899 1810
57769 4619
69766 17228
80441 17710
