1 10
100 200
201 210
900 1000
85124 70747
11506 72975
17512 97798
52645 63146
10254 3023
54647 76902
51480 79054
96102 77789
91019 88369
76735 43547
23947 19599
44325 66492
88994 23229
60683 53255
47577 78896
32360 6985
26334 53554
1011 53493
64532 56867
26969 30717
53817 37286
82445 43554
96408 28461
38285 33836
68533 66331
6405 65724
35620 41632
96993 64571
55358 74926
19378 5511
1872 96905
34668 16582
5166 54129
8926 12680
25496 74769
55397 17651
32181 67591
5597 54468
62208 86789
89115 7575
23589 75539
68842 97430
94747 52082
48684 34207
26036 21653
85437 28938
15219 63418
77748 94989
32718 48171
44584 21150
88712 18116
61832 56053
35884 60016
49533 55819
88346 69380
39014 54624
78010 31652
12753 13093
47197 27291
5548 59717
89360 21519
61600 91903
87265 15000
82083 22867
52892 77233
31616 98179
68726 14003
12593 40279
10736 31357
41232 48472
42304 24441
95991 33393
67344 59698
32456 79348
49771 95045
22152 59413
48962 95448
96299 5166
7203 48304
66992 72384
3219 81736
93496 56664
82858 1205
41982 41113
99742 29507
14363 29970
33110 72563
77802 59076
26178 16836
81369 12303
20046 14604
85751 16002
75083 73269
23594 47615
93673 845
27926 40909
54333 72994
14270 98350
29403 34655
49168 30221
84985 24965
99089 68597
59780 12939
47895 58359
78895 52427
35155 91576
21038 74882
22005 24999
72940 62948
8856 53258
39008 515
52913 77042
60752 87151
70161 35883
56965 82248
98851 51904
43974 24070
9922 91615
91367 95969
78365 88081
42161 77677
16662 81390
41856 23039
29998 89505
26973 99584
58847 14771
42036 93602
42732 23199
29900 77328
61594 12814
14380 89370
68149 37060
58579 8908
9676 29217
75560 21361
21674 97486
4120 23611
11115 54554
45842 56218
68964 4776
24768 30019
93396 73167
93530 52154
18627 29723
66114 5826
17785 44767
74977 21215
34960 84080
38403 1527
55968 33959
75278 20345
14697 10946
40300 85580
59859 44918
72789 50000
21760 48092
62384 21311
98613 4958
23358 69734
90069 71695
25930 96855
73845 65079
75495 78510
62701 31515
47109 13156
72758 27082
14936 29751
9566 96395
40333 43847
16717 28652
44985 45510
56992 21083
75070 69699
31741 94279
89308 71435
72560 85519
63181 36335
72549 37198
35729 15127
78542 80106
59946 51145
39569 59236
34252 1136
77345 43809
7681 10561
28359 24921
51171 71692
53338 43105
6459 43665
76088 35606
67679 62381
4867 84209
71075 77769
20460 3724
69475 14678
26033 95672
21290 96027
32545 99370
62746 88892
82598 57939
54852 26259
68473 22504
63538 97795
5713 96911
96924 82132
56595 37060
97388 17660
52921 1739
20383 78254
10377 72933
86935 80098
16811 98525
6905 93198
98155 23776
13104 39896
12658 58402
26233 55766
12620 12816
1350 96351
68073 82541
30523 26174
52587 73456
45560 28050
527 69029
14860 9751
96631 85870
62164 7530
10372 15453
62677 42037
96277 65034
47676 89116
27762 13397
40164 90238
15780 26035
61528 7038
38641 37105
81607 32569
68768 54470
73835 61587
68282 47616
80031 87682
80353 87398
50487 76518
90012 86598
76359 76824
92248 2339
84752 31662
32551 45859
97483 60489
82749 39673
10953 43741
19208 63175
62302 41793
21316 56305
5182 86466
47895 46875
73852 35096
17260 78234
48253 37562
34353 40686
12083 60689
93694 66982
19366 32815
74905 9873
29124 61192
61777 59487
76046 71189
64135 26737
36200 62246
74461 98263
27302 57549
84455 82212
87430 14016
30294 43953
61288 8052
79559 46855
92373 97927
35915 75577
83300 50885
8865 28185
56679 67698
28241 55678
8855 94644
83640 37762
5556 28647
70743 11513
41668 62010
76099 36503
92788 25456
17169 49366
23924 4912
77446 1116
63768 35043
96567 69811
53587 89222
62560 48593
24823 48171
80825 67755
12770 14928
64739 19974
3220 25741
90878 63943
98801 97117
15882 10618
82217 34220
67506 77675
50074 59628
47212 92663
47605 42564
99402 37641
14258 93124
87648 54979
32209 5637
20859 32885
91407 19997
33878 94842
42329 1909
4768 21151
32690 31281
92286 73807
14250 93031
56086 6815
38271 98592
55569 77314
82475 27336
25069 31582
40155 51494
98767 98373
80152 20185
61264 49961
29263 12440
89667 38025
99977 71945
94032 81048
74458 36565
82505 2325
2633 14873
51771 14136
31867 43736
76257 4903
52974 97590
447 57651
6112 41570
47114 24276
48281 40563
69272 46230
19459 61818
21942 42689
28762 85007
10009 37347
74768 72811
44162 81274
6728 95183
791 32733
37085 567
94062 42684
63218 20922
66877 3030
59925 13854
29296 80310
54019 34944
86641 32669
26642 58876
12813 32008
22994 44377
61236 54694
43139 99345
68635 6278
95279 46428
66111 61375
4489 4367
70448 1763
92293 1803
92961 17939
86773 60342
54746 96873
92135 435
62012 43010
32585 21998
22897 91649
62525 6289
6032 68740
66523 14989
45880 30096
9691 3253
21775 26112
9386 79335
78033 23853
23966 1139
87126 57966
42054 34081
34053 82663
26918 67766
47416 18227
36594 33406
78609 76704
26576 51087
32140 67083
69174 74180
41923 21528
10112 47732
69638 80260
62965 34101
5157 75749
33396 2530
7093 32543
71907 64539
80370 41656
54305 94510
91391 37928
65700 62516
4282 80917
80116 36220
86888 4638
19336 93641
29852 15624
8407 37456
63251 56369
13840 17111
87383 20466
50358 25950
29962 1602
52452 65812
93084 48980
72277 3768
33839 60905
28677 87321
93399 26882
89958 95258
51208 98502
55632 52361
89741 77422
14975 60228
59140 70464
62481 39853
68495 57158
13204 93653
61189 30051
17167 47681
32777 31410
18418 76725
5290 78331
13515 39741
7504 30873
44254 93099
28823 63445
51272 34134
41424 45264
42005 62783
36427 16005
54700 85892
68403 38339
17946 99707
39699 63675
79912 51056
19563 65349
4509 61573
71250 8781
66678 39837
16916 38299
58038 23453
12366 92689
13614 30190
11122 98044
37172 39754
10076 17673
11721 40371
7564 17774
87663 29077
35219 99352
24970 47660
28332 30102
60192 50465
67141 70583
81151 21972
17947 7143
79814 39590
78198 33002
68896 14002
95470 12709
74968 87985
48799 46630
87852 20611
92345 81511
68907 39394
15823 13284
80859 29941
49096 48093
31411 94696
81484 18758
21847 63442
2695 86564
65901 62036
62331 16868
26120 94491
19817 62878
8570 36039
81992 90509
55004 40561
70021 56326
58820 36080
1824 6287
41889 47220
50785 51473
64690 15127
64186 81981
77190 61770
68045 29486
33093 76231
38883 7607
41519 58008
79914 94514
62073 86636
86604 4149
78121 28094
63075 80253
41143 46017
3842 80990
94003 41925
50006 26644
87258 85573
52548 56831
3137 53134
36664 63052
54358 51746
13348 19954
73787 56938
97587 38266
66693 6991
96591 27155
10675 45896
63285 57286
85317 49783
81925 38076
73612 74600
33698 44037
38058 75300
62933 32704
7559 24252
18727 60691
52118 48264
81790 90934
97349 58872
90749 45965
23506 76371
5864 54647
56592 27439
83551 1820
32042 49368
49925 84867
33053 59704
2366 35733
80647 3791
62380 73146
43485 37910
69231 85261
42582 91894
10703 29135
2071 40745
83151 56979
18388 34883
93523 45793
66792 90664
23741 31769
23175 17846
11221 91837
202 86740
35951 99763
96708 4927
61764 27600
36600 34250
34765 97148
64786 83469
65726 69003
66369 98680
59590 80188
6029 88987
692 91573
85660 56130
72991 86246
86691 35389
75099 96436
30151 62069
9498 30640
88843 69033
82037 24796
98396 41557
45677 63273
5922 67280
43433 70656
49562 48930
87690 61144
71108 48578
56763 62071
67461 91416
17129 92458
53514 69555
80255 24423
98407 50619
13400 27814
5382 17176
87178 49566
75984 52181
28550 61385
73526 65687
49616 92333
14810 25720
24659 96497
74966 26694
8958 50268
38195 49868
76534 2768
97127 20507
99266 43256
38412 29006
82951 29196
31883 60327
88249 24529
21657 20040
75638 10430
98615 58718
99629 40658
35666 30914
99859 12376
80366 10606
25390 98919
67725 31842
65080 73424
43801 63904
70800 9912
15656 94561
51295 61588
8138 92408
82813 88151
11695 74931
11781 55815
57910 11079
62767 85480
91603 71088
81081 56489
38233 52497
24361 15899
31946 39437
97272 93176
70276 51251
2738 80062
11167 70302
60015 80793
25041 63676
77840 94741
73312 2037
40123 99189
77874 89607
75162 68637
98521 34128
67234 56784
87700 23396
30576 35968
69355 99900
83413 9594
85747 84252
17613 54028
16938 27209
54648 75614
5335 2996
81258 3892
31606 4460
7050 16998
18669 27607
67442 97365
69140 38221
23485 91583
17288 6110
55050 95621
12308 70823
27097 23848
87819 18619
99757 91367
48913 10063
68149 31062
15109 76178
80581 87467
19604 38610
31552 13226
86462 73849
79993 8143
24201 27295
62222 53352
58511 98502
20022 70682
9225 92945
49153 64325
46302 33460
45186 69996
61443 67396
55251 73053
40727 30470
80688 95753
78581 24446
60453 91388
95799 41841
92008 13100
45776 14174
50691 61781
54393 3711
33557 67370
50599 74983
95242 94214
37314 97544
48886 17628
47237 17401
27264 53915
84514 44531
21812 32425
58412 7216
91671 95370
33574 6890
73168 51365
94156 74910
88327 7637
80846 70887
90843 13348
32884 70756
74164 44390
47480 65767
6583 56644
11466 90499
70344 20703
23691 92122
68857 65302
55116 35287
37712 83682
46961 14614
14506 74315
15491 94436
39696 61320
46808 80962
59014 70335
30680 66044
9104 54597
53274 67301
88750 83009
53729 40406
61268 87924
7665 41463
97802 94135
27142 25555
41639 12992
4211 70160
93026 82097
4358 10621
27353 75556
55033 76910
51074 64954
1399 80501
73624 80820
77212 43227
1721 68150
40129 54887
44511 9354
95873 1834
24675 62111
81908 10998
51788 97509
92476 18149
4196 20503
38723 9741
14838 27995
21980 14098
12376 96374
34451 55741
93424 63255
84066 16795
45754 92418
55407 42773
21551 36376
52628 76608
47098 64292
65602 42664
5421 87358
56963 85349
48024 56845
29068 73537
88364 7897
73439 76052
66031 91175
69117 18949
57539 12114
94511 69753
88956 31839
46801 84890
92864 63122
48187 72624
25414 96876
4885 33159
13180 73097
45524 60558
84155 1864
68529 67473
70856 57095
63696 62721
69856 22762
46586 32689
18035 87004
20846 40491
64341 37239
72715 3011
46363 7942
96021 58080
92820 97872
33413 57924
41894 26901
77316 8101
54374 73574
63814 53860
76907 54444
34009 89547
62268 94845
99206 17601
38202 14811
88727 19938
29767 75933
99017 43579
47949 32889
76155 27123
91626 35691
47235 85252
4470 53331
23711 35748
40590 91893
5374 28636
8932 18385
75915 32894
17469 20028
32840 65458
19412 83364
60834 72777
24728 16296
26925 33811
62361 21032
57967 36956
63069 26983
41273 99035
9659 23724
5381 51865
28807 72226
22089 70479
37624 43895
17613 27791
62993 15265
16489 76322
20867 58680
95066 9808
22595 11462
60804 19109
17687 16738
9697 2646
79655 71568
74677 20675
35352 48489
79507 48691
52458 75963
44121 19663
31451 41606
60536 90404
73298 72751
70000 61945
39372 87041
24822 16992
11596 42856
44492 41388
20755 13547
9267 88354
33569 90508
97685 88630
36934 97386
21261 54213
42545 77052
44310 70805
78516 2229
14290 28670
51684 97128
90066 77778
1582 94664
22397 1870
68526 12911
43229 29685
57041 25900
29261 96834
67777 74368
36007 9922
75191 53197
20851 92008
98367 86476
30857 25846
30011 91545
10574 42726
5028 90662
73419 7819
90863 14466
74726 89930
92867 70435
51534 52455
18912 33978
62024 1535
75523 12675
34901 63215
24506 47464
29458 8781
75783 32159
3138 42927
27346 61239
5100 15139
45793 88678
74317 53234
68361 43219
35310 48381
35176 16535
23316 27944
16701 5793
55084 1452
42001 57584
905 38879
88327 97421
57713 8674
62198 73065
33334 34046
73724 43321
69179 38174
45079 14211
19931 30475
95625 79856
13797 38716
34014 66402
39992 94862
32732 61502
43847 67753
79425 72983
84423 16050
19223 23856
98497 96662
11673 55245
14415 17605
43960 53826
5935 20211
50240 14888
63253 66196
83645 95534
24335 63988
83518 95736
52997 81379
46446 71560
30321 54333
24893 83601
74129 62909
62617 18947
73641 34348
99636 60550
40117 14904
3393 36040
79995 93945
90149 25138
73811 13265
17326 92714
2086 794
36360 6268
15720 90872
99784 87381
27029 22269
19541 31576
94518 76843
956 67434
16494 10183
8393 30065
41671 52697
20837 12355
72920 67318
80 77356
83362 44334
96946 2744
44652 26990
10601 49551
50923 28949
88858 57608
52737 22341
50139 23492
34868 93210
1920 58094
88173 41982
27166 50682
36253 99248
21356 88859
97253 33502
31121 11029
74553 1473
20578 91133
65714 59952
85406 30131
5263 41223
55542 7020
