390058 107247
348060 296920
112806 788170
339731 417762
746159 751441
329854 951795
411948 393167
668412 461902
804707 680413
589324 380094
727276 845815
291170 611005
147128 234490
956245 139512
297782 720341
222751 244456
474052 54392
886841 874270
32489 44070
793382 590350
571370 786365
711046 731638
281466 187063
121630 334118
128951 927646
41378 562902
171518 464465
327530 885232
776888 607058
636780 68990
487822 582894
739435 16596
627948 448468
764513 726750
882304 749712
804588 289530
821868 80880
104451 421114
816421 819356
497435 529618
218051 479325
363784 590857
603093 883702
45567 21167
11872 464013
967106 834830
585270 77204
718990 636535
249537 74563
384632 804716
313678 997300
21744 64817
547007 960860
768904 237139
196479 761531
57529 997179
97350 664003
662272 424656
200995 850458
104431 457857
752884 195401
862486 983193
607362 370046
229292 148252
348209 701633
920074 681490
618230 961107
623495 280194
590893 146693
735670 78542
111095 228798
782728 911607
138130 257024
346886 705026
935009 146361
487170 334386
908105 357226
652341 518183
626598 471173
912842 44777
430478 518965
793303 689558
362488 436189
639047 13831
280426 792692
932046 596508
962156 473269
243177 181098
538426 326023
729769 902961
922579 78119
969924 504162
48260 518900
286388 157345
260474 160047
323660 400576
52751 903422
347021 879745
832752 139401
495817 54340
787244 733659
115095 139641
692336 559299
96462 728453
417683 992011
321185 76743
879841 492611
361756 530317
660834 291964
896340 150844
654830 528065
848715 290866
962098 717528
382512 937741
595686 206548
887725 159704
882120 802331
124956 233428
14669 511653
842214 871208
518195 630757
881922 132294
65145 345988
106834 471021
44706 942679
419267 994184
617517 384376
191297 34356
271720 656790
961688 736431
754949 61136
554250 994213
215484 571980
108569 24250
893772 354752
376351 965132
32302 372117
411811 806724
851337 513296
34412 982010
155277 563494
892762 231371
678673 765208
544991 232042
926999 125172
506442 524860
827279 642179
549745 746324
751434 667204
231003 962643
366605 657032
806422 637767
101543 206430
743572 76237
617768 199673
369975 927358
595991 498686
915191 713294
55284 757405
807293 858400
820855 73735
796496 780368
420409 643354
172847 125765
620525 114325
374761 413940
864792 78371
948684 351854
521245 163905
559567 735164
511519 753412
897044 432567
404812 717163
578801 863956
55263 860880
58989 263936
987293 655279
517067 137313
398165 732550
174319 605720
555460 875639
892407 932455
781505 38704
516726 858203
367888 305196
303449 507591
127882 281783
278877 108122
748948 304472
94015 397867
411516 603586
443349 40089
666941 415371
623491 40104
756228 187392
280253 824993
962032 688346
305020 586835
567367 859659
946806 474489
865817 624456
831318 661138
399720 591065
554910 493732
67693 818960
616018 295806
638972 733244
696407 390218
614119 63135
777904 912732
175567 730486
927396 295660
104279 642689
970686 739606
215260 188673
920442 23826
834532 519593
204756 325205
252551 121748
977995 726370
565991 969528
957409 719245
681414 44202
50489 825204
954222 596364
836510 204533
502492 580587
811238 862158
215136 881484
843284 308924
504466 420818
942227 407193
378541 542680
348018 106073
34966 690434
391947 366083
497890 8980
564263 887168
541748 207291
129308 721611
418883 963141
431968 60604
155814 629500
248924 71673
433644 903213
339895 666835
113185 899185
910899 849871
706419 532869
143429 51788
683786 316442
177500 566654
114318 154429
709784 56865
777139 187406
875777 170444
71617 324391
477936 827858
79749 44045
976911 452233
375544 479548
730281 114612
458870 910354
78096 230177
601689 752033
385164 615775
537686 373919
662395 658460
109595 731852
631286 582091
531268 678469
757314 921440
426205 154346
854689 640301
896636 446702
355508 123972
561984 587081
784972 899594
825357 141155
385818 728055
433427 146999
785690 364376
336528 717012
761998 732669
435443 957167
970673 997430
294460 975648
848521 982069
624328 203644
58258 961821
998367 564179
177227 475586
119987 689118
229233 273794
746089 827747
631545 982181
734678 875855
445613 159811
564208 406434
820534 44693
454616 209395
768679 850392
75195 783088
668417 126662
467609 257077
824224 170691
487640 240286
859992 802565
816752 422558
870813 178774
37747 842662
102900 733820
692468 144644
88527 86677
661874 708937
668902 833206
369459 616934
83529 492094
894348 659181
530107 257664
13182 79681
16430 882183
657078 574226
289669 604086
305495 847574
85771 126135
250943 226149
585217 327233
668802 170667
506258 903913
225964 977810
785499 654871
273690 274204
873205 717000
763610 221414
930723 453384
83916 816869
830282 144407
543424 520047
246927 449860
270056 940162
851018 194367
683934 934293
393665 810631
161680 689334
355013 789221
736326 692018
539168 459663
689653 302847
197199 724025
572470 173708
206841 104743
221633 34313
423159 134848
860683 185891
771440 612660
916551 557287
585399 199620
734430 20393
308815 342665
832432 549922
952378 605527
436303 481670
209288 536686
710840 648657
96577 803026
431057 187944
992990 868701
823601 344523
802037 284034
902524 303004
950935 745934
971957 360723
990339 315642
798393 377776
443826 288689
839015 290337
342338 607462
130136 884758
142360 947656
81521 978189
234259 344412
901638 102728
400198 634931
430088 199661
465504 812029
654743 762362
222507 985983
910872 847474
878610 321739
777158 147450
42273 684707
684989 915961
549190 715535
120800 888830
570073 788459
855461 557946
360694 198991
320700 468658
434208 536374
213646 726213
923639 513023
824395 621994
946227 775087
830158 396493
427832 918234
474633 111477
893200 295843
751287 941479
379351 601515
680152 728904
654560 700276
127160 10930
609064 617274
488933 862571
244869 193043
608001 805536
398547 734751
805730 20047
915504 822701
904137 146704
359492 838607
90728 163795
348371 643637
209183 239408
437128 101069
54290 208319
202305 596737
729060 199951
120731 650898
218542 614166
770690 369366
658547 761745
788350 498582
279947 361896
841451 546735
105489 996508
266347 859759
76041 385478
818959 720230
487149 251680
401854 528390
508871 373074
149679 131696
616073 658623
297164 41410
348696 480739
826499 128780
500487 715048
334449 428372
568268 213386
48336 271759
99033 125936
40740 40737
295677 235302
800348 437130
556553 61790
112314 265528
878114 260019
72777 365995
313414 246518
612880 334622
48760 198154
216747 493639
758768 868942
721157 983643
435830 452743
514041 508885
870358 682617
881730 816870
64438 386658
391943 221757
180701 734967
563926 562481
309826 302406
81623 741008
33278 184218
95561 838867
749945 663259
19656 654851
517156 664431
233349 579396
838391 232602
936066 660338
264919 662632
58095 960007
799124 414639
596981 693496
110192 211744
366120 192175
210216 440372
541657 506639
90389 380933
455265 57686
49900 735670
803765 94799
524221 733045
903326 718925
250956 438701
667500 115126
349059 940557
177542 30962
232751 861470
748571 869048
533661 253120
794938 183096
179432 135258
527411 970977
172892 574466
181582 364109
211985 23728
107191 756724
365817 628416
897504 82588
347735 345190
477392 326416
530390 996711
969634 590678
311573 939561
660676 607949
253682 464480
571188 75437
52278 140290
72945 638736
905094 150626
365305 157761
8554 397988
739948 77485
460183 963043
434850 968682
624427 16970
750322 70230
508088 325565
785051 640140
581743 998715
286022 693095
90285 743358
436077 247402
231057 80347
910404 330662
641256 628469
741827 246207
831019 173232
933285 41333
864066 988721
35743 853389
305265 890492
257625 935158
968069 202264
583929 633585
34186 555324
57245 531600
91612 484454
816763 392547
532281 902390
840884 6600
746369 481958
862161 595007
676854 977233
126471 66551
823937 173737
47094 568999
880938 791771
127271 393060
162218 191853
348267 292851
667871 881397
252148 414530
702200 654496
416229 982363
578158 594671
734807 869239
362117 132802
560954 382524
668175 797019
101771 679524
535241 679605
766814 327593
81160 592680
1249 539802
770435 423637
892216 6318
855563 940339
936501 479841
27046 278271
73875 785979
289031 667078
686983 459614
83818 505607
265579 970710
62415 693794
10318 603753
314612 596501
273672 282522
42620 65628
100395 858596
123828 672319
169726 788653
35134 495467
786341 522633
841975 212540
955862 621692
740756 347324
780499 786218
65445 504489
961396 490952
222455 659321
587521 974571
864945 13312
711046 545596
426142 755064
336876 318966
312108 820140
141832 783607
823953 861530
987822 848286
523719 788693
333768 587791
224746 301419
982279 431287
112050 273144
712859 263144
924539 499818
929267 981180
918301 348399
68313 238114
341990 760103
529804 214774
71359 427605
86217 656342
497941 993
198193 672879
246544 66305
983337 591532
726399 665638
969532 444240
224059 328640
587795 243766
859936 557828
358541 885817
360001 71184
128165 358608
264647 880394
163990 850847
980514 63453
434557 72031
879588 389031
707456 476000
110085 966042
78429 697170
682790 267802
573505 712384
813712 779412
833275 373116
800300 21999
691847 38929
375959 940688
242602 978228
26317 503268
351728 106397
316666 231806
886837 601164
632134 801183
295104 102901
706393 171849
953597 9640
548327 740312
408226 307087
37099 685893
37909 592718
17488 440586
215028 311581
853532 970846
791900 608041
337342 914442
764208 589713
682692 746178
992386 560926
215569 623407
65649 342388
396056 600916
627047 717532
748028 597054
717587 623748
203357 31130
577981 60536
279815 163314
514361 736896
45930 655234
925268 475503
545645 114372
871538 916784
491537 496995
879019 975957
269206 321195
379432 415479
68421 47497
763393 835398
981161 665075
942172 180402
151188 835735
251686 904058
938861 628378
892644 742834
389771 6512
55591 14674
52312 501590
690963 992748
391343 719595
109178 923154
384171 312793
548463 374204
782766 414911
871047 165831
550140 228417
168660 963715
456097 108051
807557 113512
710069 559905
565849 197405
167412 656274
901434 661455
237335 772303
471482 486342
308463 586353
52163 184909
256277 743715
528579 554034
341072 219017
133843 737438
696624 875202
52387 872525
47735 396101
880774 851132
404178 45585
667316 618012
511705 434471
197030 515367
877728 263274
250629 78030
350905 308432
928197 54754
261783 642514
385729 815716
568361 712777
862296 900881
975284 43219
534139 246437
242024 648661
415696 27026
824558 968829
822777 996385
496098 50587
972514 897746
934721 968038
665953 529574
587661 332730
673316 548851
169203 342031
773965 611699
373449 430382
630270 996199
414264 963189
641493 521848
461710 29063
341067 100068
921979 407287
339986 168004
397639 744338
732208 10397
794002 610301
706444 670586
64178 573034
181442 738820
924862 851205
214103 701520
742461 783157
288741 854294
321578 314923
569148 912434
555053 160080
785901 958094
897241 656412
607693 631923
759040 853355
286803 335337
385192 899601
558 18805
97768 564078
580378 487624
287379 957470
19821 303493
870230 204968
321864 376702
744656 929409
658625 782691
293983 278664
27413 407633
23033 83456
967090 475979
581246 309396
246945 363727
906647 292774
262395 964267
163552 227150
749986 786590
93199 299120
521224 52051
900419 634577
165758 737733
368493 232634
750808 722771
348589 538036
593044 423171
529635 943734
137175 881222
919079 51256
943494 230528
203932 629595
397393 513292
497964 304759
701000 232048
225067 709498
612297 638145
494497 365510
988498 68618
98405 873279
319486 161534
760578 25460
452129 546711
447001 608110
166656 81630
656494 479047
417793 585627
61034 883406
413646 975023
628454 316517
146040 949836
645130 765967
653428 640269
29444 309897
352690 837338
849535 938696
239345 907895
297273 816769
290702 731697
820249 840302
964923 212709
88498 908235
160217 226546
295251 396535
132048 788884
791067 886557
782628 577664
686124 934813
399735 648633
906510 626854
671058 807468
274548 810923
166581 971970
488990 70038
834724 504021
445330 190203
187486 292064
259798 359800
19811 841636
905734 258424
491942 519718
351912 229812
438291 745407
864362 427762
385999 385459
293526 334087
789050 326146
218777 843269
569072 574769
835548 254864
897844 150508
412987 442773
955026 640688
846481 513449
190947 323276
366835 905731
354429 678929
550515 260727
771011 66309
332893 231259
891275 197025
155959 749943
723348 438721
458098 620173
69451 872751
328139 526596
811507 8962
399870 479201
235990 451983
527172 596468
524560 35370
864781 809422
895092 803781
840351 504637
748914 575142
703597 347294
744921 625244
530139 887076
477829 104702
210442 774510
226908 573108
606242 907876
70013 677395
598979 774486
814679 362202
953168 677155
825379 106064
523093 804021
133023 534561
975385 756721
475405 265969
251084 817489
328488 518319
175600 192155
26054 595855
925460 925528
869118 648106
845427 611782
556248 798794
929026 367997
71976 563930
659229 162327
313917 814663
184852 356619
506071 904612
558487 903982
552670 417228
869469 292844
158663 316809
299195 847455
730895 438717
633877 281187
247336 628657
291412 427537
162802 172135
75333 425736
331990 308740
866774 177675
419718 262369
888676 80849
841067 957839
357815 242346
308329 251646
888396 631518
95913 450406
501331 647234
830135 866697
496218 484270
500875 376450
970136 999311
264133 719941
904991 942127
493738 898806
324318 283173
101052 153680
447705 578527
490799 413892
586170 588082
986120 898282
152325 172087
117583 567466
3491 209963
217182 347107
868751 448710
932493 364600
26701 144626
569833 850545
36473 420905
871839 565729
47663 289101
664122 422758
690846 892624
160356 508670
2704 728241
160478 281732
621801 818486
570496 676511
43925 873095
153394 930414
397906 37568
90288 117001
379717 491760
554688 790184
83861 979551
410039 383597
473328 525105
555292 886495
592758 239879
189562 368490
411839 528414
429732 768022
905812 208715
296776 721856
