97507 627017
614586 351769
379636 527500
667751 729489
878888 647386
923483 87328
867723 985547
730529 816906
881807 336816
237576 415909
556500 295368
71996 747076
908954 937434
379834 305873
460950 15734
111604 813771
281267 673986
208939 799725
761440 89551
391341 132576
632582 22177
665508 720579
197990 144726
710372 821260
26789 29040
808700 433483
597795 991535
949133 266395
907632 115659
503085 97954
750285 963922
306097 983974
57967 122601
57031 526242
765436 171116
430993 966358
694120 380861
902982 918034
887450 840261
585228 25386
364963 663813
799897 429928
226373 620872
569633 406878
288105 369751
454527 935070
215455 989262
808010 501683
380541 618542
253633 56263
332097 926996
254339 380068
227069 863208
419023 11375
78452 703248
554488 784678
923625 603640
676015 475066
491683 705215
136558 240726
414423 817832
790701 652209
876716 882876
791640 325530
657253 106523
822417 734272
727472 466579
553579 546723
525885 98812
253420 164765
907669 800357
306648 785274
369676 440717
77540 257916
365469 73679
389586 316492
817751 73192
91755 349993
221355 736336
736902 71863
677513 757583
948089 819839
495155 249261
809371 203866
83544 949196
219809 162249
416840 639089
218662 787972
527683 52227
765829 831000
104308 319784
681228 744664
192077 358229
774339 30676
235354 629193
61079 809549
645616 815706
30594 570021
571474 738325
52232 697824
810231 145425
177689 157988
376256 659502
28742 187329
320425 580542
972342 374167
732505 387632
11457 951608
120763 366001
417551 121019
163084 937068
333240 84572
785592 320393
730088 604362
507683 547109
461989 486011
192213 547236
825047 483771
666848 390622
163626 656323
798768 708052
410015 84330
83469 191769
352417 116958
697728 792163
184161 148742
494121 562542
14089 534066
679584 494432
743922 556102
153666 689156
564505 411708
556082 588877
563805 913948
505413 974809
810129 10927
41496 442656
63844 96560
837642 935873
364391 358709
496835 608439
582098 260960
612564 179362
638125 840807
825760 511079
330844 458506
884206 29208
664479 513218
628005 23597
588831 593167
412059 728816
677912 129769
498981 502725
645000 135466
702057 565445
438291 306474
770863 83468
312220 752788
865656 569870
933684 96927
474614 408620
87249 221378
590739 162509
546357 302900
937627 82309
360038 103479
689303 81908
937239 53990
886091 205146
473504 830315
515230 340321
139258 676632
2917 688999
107 601653
698950 497511
783169 105788
821181 754372
864261 277597
746862 445527
38705 185599
360521 981567
41737 507792
836617 813780
322999 436652
701610 678477
665428 507862
682436 218855
326346 351570
635417 985761
71542 401516
729185 390250
849825 134406
257191 847587
252558 633926
604197 12776
130838 280416
326929 373401
804827 936307
861948 455558
121513 76541
698513 769970
170905 19559
856646 818454
228771 155995
920526 548652
989282 417622
850167 543417
429336 606300
440807 320172
157194 92442
884754 709261
262939 999219
60433 111151
793638 96573
264748 988028
601159 26874
252101 89907
364206 882991
282389 671734
132367 707752
21430 764868
886937 929031
971479 16558
689965 451617
640204 317380
388541 862606
981164 981247
901982 845450
356667 362730
330137 673523
295828 907069
593464 479760
539897 709085
413897 702121
831472 572257
330626 706014
916629 693529
935271 770002
703782 1338
703508 545520
784386 7239
490379 473370
73292 681997
719656 965073
896615 560207
764935 752662
229602 927513
839575 649425
959618 494517
985108 671887
656830 176117
636598 377476
293046 641977
769213 778956
66762 114
482356 779192
63934 515512
430435 737927
354008 108891
375177 182986
394789 183818
566839 497533
427487 190926
945469 124549
361928 807039
713679 681095
538269 471265
30599 503187
597918 359776
534304 142476
795080 713914
474537 179198
326034 451599
859948 482361
460562 960509
824689 533179
600089 143278
31408 406065
651653 539803
999614 386357
746827 846826
808811 824220
785809 155877
631117 426757
391979 954849
828334 857072
365341 945393
533684 543719
407569 716879
84796 621059
105583 826446
998080 845425
950406 378476
140638 283858
114170 372430
271972 208956
116102 63566
660720 775612
103357 615986
692865 581346
476698 702078
410652 911794
785929 573852
874194 401465
973735 913816
488287 670096
579920 952943
688148 41163
76511 58110
23627 518944
156329 251685
186859 483974
629017 567960
849253 560335
420069 88405
268939 159623
760529 844308
174677 392432
525259 833583
247644 914412
320401 413480
418556 759189
842201 829688
459931 301046
897126 383729
878398 691198
888271 452491
251490 587030
264823 727477
19686 157502
761472 501744
785846 305038
322294 487988
608953 932502
659669 86247
495557 14306
710319 575282
101980 576348
605354 759377
151929 576293
198439 909168
578401 539086
427382 532206
522485 61947
750984 10360
693487 564486
366249 20923
379938 268228
679096 43511
279505 413498
696978 626376
472825 554676
962562 190858
604849 268176
517385 816201
277448 403447
423750 205839
326941 666197
257513 500411
264756 919320
188094 16268
521492 319462
776306 82175
368160 878464
825270 687395
124836 641101
292958 496500
612757 653977
225880 950575
14830 836093
859675 771319
659478 874463
611442 832252
983519 439158
555169 376913
199413 897954
463869 202327
488675 271659
86355 123125
64679 424393
122752 100329
48692 445190
325438 905180
669004 33836
69613 480238
686447 579900
610984 925590
842418 247893
529945 345271
375506 400806
175455 342430
771970 499910
17595 299671
19217 811858
217901 885644
168607 963653
439882 580308
228039 233381
163567 159184
686570 789266
958720 934867
212052 673618
368515 449315
259034 661967
312892 511004
379657 371780
98831 693597
474735 412353
353769 788199
3871 36486
417106 553349
322261 274488
59757 235798
633473 886768
565574 897301
648539 810950
338515 42311
636356 186876
335478 245215
510784 134735
615949 54314
685664 49257
567887 894533
252398 131328
704606 924500
322559 415285
261378 504959
927942 909154
821040 104507
423937 704617
631392 29234
825199 621152
933762 32521
126140 980370
466636 853717
559269 942963
694393 378544
637964 490356
419491 536190
608131 291731
571458 27330
897106 535270
555868 714903
186240 696031
532291 469311
764485 740191
668286 528102
96156 537275
656736 543243
268750 410381
262205 803961
670762 598711
285413 65942
360760 122510
968858 926260
857461 408273
47213 413963
670435 567733
536554 580998
720693 523564
163319 429954
375686 263615
420834 585816
649367 332805
675515 713899
623602 254646
532856 73232
779874 405636
480197 295898
527561 777407
964316 885892
688345 267896
237656 586970
765554 94232
309814 87600
34934 163030
783121 805106
887354 668481
839411 767574
646442 260210
118810 501421
971472 565546
298363 623062
477276 595092
948298 377052
448783 172842
137073 318163
758320 213599
58615 162391
917385 224771
280204 672787
517042 984947
190541 653466
556837 688274
524733 380891
803182 332503
557488 304553
938943 552723
51369 499369
836791 349112
722322 877104
952002 258129
753468 307519
446469 193670
22034 262193
663720 970555
956072 999588
521 219032
596308 999598
183365 136077
715231 830876
154459 45418
549851 602890
743172 225038
282220 701932
606663 742835
469084 148482
556396 307628
439710 449293
348793 65969
915969 121880
69171 487387
743091 329577
314446 105177
784190 708820
725954 771909
31741 891726
629563 486815
296029 852499
714768 182967
450568 986855
686641 753142
988008 254675
227028 158162
808724 456065
800799 906353
150011 791977
385229 645339
531505 573958
905018 245965
650045 38300
615355 407613
58039 363808
28161 134788
916375 119695
749021 41255
92994 864669
531261 171810
948387 382513
193427 820122
837622 271236
119331 688249
381593 649117
27587 947427
700321 779772
463987 115148
208737 50809
695821 99039
714590 831915
482172 282933
937257 656051
171711 444710
747186 967746
596094 689842
898833 617600
656865 751995
144102 749647
153882 252359
560001 803016
298778 739116
442497 30922
765662 987881
755943 735753
955016 85501
659233 936131
717126 486617
769469 296859
797173 355539
57314 315880
380724 317154
435613 672330
190944 847268
438266 318217
180823 593692
886986 496649
738649 697525
899830 545963
838429 61096
974143 234688
570230 229203
945381 943764
917883 962319
910397 542007
363969 435294
336027 841159
550933 352861
223052 763451
459108 546279
289226 520582
50645 895708
573947 725581
581652 704857
149434 585895
817792 936955
748734 981834
846879 518567
601965 497731
83116 784267
569017 997092
284700 730932
9345 769177
315607 627102
47452 847073
239398 335321
408148 161262
744532 316168
95798 43677
794411 892180
658520 104366
435971 258922
204922 592525
794782 895127
629744 778260
635258 474921
966155 284636
814390 609756
418419 141030
656883 613637
164598 454147
570542 517161
23455 644185
293885 87371
396758 83622
433553 552693
657078 735282
31480 292698
781590 365632
121393 768622
423249 287069
345278 984003
759674 408632
131175 177898
938627 546997
808055 542072
251688 416204
861549 861589
482160 647311
737725 190128
820548 61105
988988 617488
775495 971659
579087 127274
46936 817459
468266 181158
791245 532331
721486 347128
987371 153879
514162 991170
78550 948573
836425 872311
825884 66779
839329 110457
863438 554395
801867 541625
535231 768861
422985 753330
377095 301604
48916 904196
671820 84040
816728 180062
307686 628549
362446 677002
953546 785744
435573 540415
923065 942007
693941 232121
897082 123836
70466 522269
619735 637063
234106 700560
475431 312598
181181 538418
505 74547
875021 385391
116626 905568
665437 457523
359561 346961
141946 245573
100859 322003
509943 847279
363723 475400
406691 210238
642519 371797
334632 232166
613875 335367
142864 975133
688566 910520
931857 854648
138708 316907
319983 353203
746725 37316
210166 982302
742144 54926
857379 674637
541046 427184
913707 443443
110836 908556
266293 874554
128674 630383
963823 121239
670799 684247
788355 688542
232041 304368
833314 123841
517013 309367
87917 121048
830845 681459
880063 380220
476780 738690
820298 887317
755230 981444
997081 507204
480181 208450
72954 501154
969258 884696
615237 376225
652830 988688
640101 694475
205884 735033
154855 807177
530889 950826
70777 497341
500078 84460
526472 571046
291185 689470
332293 89090
993495 189942
99197 340152
715003 585063
622176 811287
48892 528350
389127 103431
670757 113146
901936 744693
933027 533350
171733 473542
700903 578804
303393 197529
526645 668710
769146 906195
824747 460047
747024 615662
645537 234245
368667 944155
424964 155471
606776 638888
335053 557411
375997 342045
718046 264447
136824 391604
579425 786895
510040 146110
580933 157085
787044 148530
90983 668091
518906 364697
120344 17145
111198 52975
485725 16023
631010 107137
842295 802881
411908 943920
203806 342930
653077 488992
373071 167355
256736 20092
359760 668549
637587 520917
895421 762200
673677 690877
625676 502413
780573 727655
853159 519723
150506 417759
38984 526247
997788 838646
196540 856167
473765 901197
622548 846778
30025 696400
253945 397894
957023 658340
849852 620116
781935 666275
980846 961454
755015 907240
580314 720453
238349 419567
748728 954630
592279 483032
631258 919226
822076 243082
235358 42860
973137 218779
751342 943109
578788 88696
855804 771539
495148 145411
489493 595578
275810 905931
242822 201506
201093 714312
907904 399898
671118 199574
55752 548485
391575 45786
895007 876875
40674 412016
815342 838222
299971 655884
126916 303853
693895 168820
842798 73324
349691 846549
607570 736554
947554 804355
299270 126395
340705 377159
930805 143262
793318 405440
340231 661893
207502 283686
340898 632260
549896 700415
299789 781257
566733 982004
965463 758739
599609 950545
171632 487258
985242 160680
270048 977864
319631 785011
879009 292072
528649 356522
740632 276560
331364 296281
946040 71376
148081 331133
765202 482313
848322 234832
409637 768111
759940 714733
723953 728674
227265 86850
371542 81543
745303 11650
723984 735859
390128 286540
496117 49275
947631 243854
6251 978994
1866 674445
230775 829765
458504 263462
410680 503450
478690 975608
164500 581169
179765 891182
798266 450093
627674 507612
875084 479534
289151 79268
589103 52961
271323 887426
62215 662295
357998 234333
415938 947052
130420 428467
108753 102996
480730 726268
356249 263785
671332 424033
418600 892621
162505 663394
784455 88292
536483 923431
308155 395136
539922 718851
437398 164228
163518 83213
570693 883469
74962 312701
69077 810565
360929 773825
790699 298213
486025 161552
549375 478159
58752 649266
97698 235901
798943 650980
721948 649302
941614 713177
181502 166057
754191 420154
347812 70242
832195 990459
243056 210333
14837 555780
549703 2790
527621 747888
57222 96798
106308 774321
72045 623135
786425 990972
543394 874527
867866 491978
7791 923225
472898 799552
558182 425554
159401 856826
911332 16077
450415 208410
130538 7112
460260 389472
945281 976001
21252 892785
343395 883496
896447 656178
988369 800035
192309 533528
944622 930017
925183 649530
204993 605204
342584 891222
296137 716191
928760 752319
68884 609525
94719 876137
427609 39053
151719 425922
642620 682228
947490 920456
218592 566981
975349 270112
487162 557057
128908 811683
392609 325574
833995 881917
897708 290068
436645 313945
983504 677238
478874 595154
790734 261700
842390 137488
878012 259673
899060 831060
367512 781114
307255 192820
341077 678558
298879 156667
729301 98750
288822 804132
514512 817357
913696 82625
127550 759148
832130 693939
435121 613055
838714 917147
381544 29251
484635 794855
833021 812756
863276 279260
742066 973866
29729 759136
326753 123246
926989 677556
643764 851257
890587 294252
633332 826115
452162 840638
210677 524901
944126 498865
660960 462972
199232 594961
80901 295255
448858 730641
247942 206785
918050 553649
752697 548518
440974 234655
849523 874186
294398 515881
781548 725824
209930 82651
92003 31225
964451 625297
87856 368190
537722 368118
877850 569780
607893 899837
