889194 414450
722816 125045
866041 496278
245557 903193
161910 45316
953559 291496
947837 158502
408794 768754
672712 980055
933341 109180
894742 919506
156247 608253
137863 184026
388720 99799
740943 438866
89746 392166
140841 972979
910095 777092
77114 585178
549444 713239
966961 437218
796658 939585
520268 113552
602523 195842
749142 696826
817548 496454
52731 884628
921601 191535
587645 879979
712316 527772
401106 683545
901671 480114
4931 427450
599757 523695
6176 784663
266294 767739
783310 238509
463972 839146
901310 772467
133341 773512
339593 896272
76027 586613
358602 205973
320859 310197
590982 329298
916723 964733
913572 88950
788140 481956
921469 550930
852134 998349
728493 363285
678285 240212
680684 455548
525318 599452
985742 488929
553354 971487
704286 281043
822713 323786
487041 908465
712770 524398
174820 145166
383710 529665
547499 503201
623612 537831
912517 90469
783490 805098
428029 329231
144669 259133
453161 13581
829051 163345
235276 143694
613329 218389
817056 620987
892815 5907
276597 626282
860644 837190
125507 737848
459827 149667
749648 379933
162751 358647
298637 337268
433779 83793
593802 913632
677005 323912
979770 907037
181637 5734
757367 85239
657266 269854
830039 909073
227407 777716
612376 904639
896494 698325
407309 628280
719892 902200
708148 828712
864252 378160
349087 527422
381881 755883
453365 411498
686339 363092
782105 73612
532851 222297
795433 172447
261716 306750
555632 281309
737257 629301
450789 314430
481962 59702
415678 599212
855916 273427
894425 28621
610644 919345
600896 92756
854237 750994
703353 278590
450873 566357
507751 865963
169617 507591
78382 250842
146740 47470
780384 368385
820677 647958
323546 177662
711657 355349
521109 993476
400432 594419
892690 155435
836161 469068
33723 643621
584525 52246
22586 503342
927437 976829
46746 857192
941510 8875
640170 185942
385447 539546
165332 344817
521607 191844
654827 761904
574019 959739
490404 909229
870132 795294
523734 233962
997302 31134
604908 322370
828692 963551
309708 137586
880170 741728
625261 953311
862526 133140
234086 791281
887713 202566
664131 153538
739390 886544
309853 361897
810776 967538
447443 728356
479769 687130
994444 778990
633728 882162
16063 279165
346086 734102
505072 851296
714629 946789
742883 565890
265047 551222
88970 601132
150478 983744
411191 260369
83625 59512
675442 629169
387828 100149
154155 830906
975883 680678
809033 26620
875617 678120
967562 938275
246822 884794
355362 708655
539045 927738
433275 11063
894260 366051
530371 836052
638912 917894
407376 359293
838234 960911
78829 119663
25097 330271
562858 258339
550611 691941
614568 477168
653909 899899
154532 509871
880306 492573
426753 534061
536727 627255
650786 75895
476646 948838
131156 945808
327903 913993
387544 473769
634427 201725
595980 725782
559963 465464
249317 679250
398874 761322
458937 623691
72889 322681
581048 669499
392779 753344
394790 860500
995179 343190
677039 819355
333901 860114
821898 222803
209880 648176
927348 224586
406597 163511
467180 288440
786791 764991
29235 203092
951748 955248
57519 114979
335365 861935
972879 687828
490769 193916
560188 710935
839697 169694
775823 911601
732066 209872
832960 3100
361297 758448
120671 396458
823071 611344
717203 577472
645189 112666
456738 318185
901736 920086
106006 312729
954857 113406
405201 569326
457681 280835
747701 977445
835134 263293
747037 877212
150811 322737
869763 547572
43479 356644
206031 832603
118571 923209
80186 567440
953260 361441
611671 382570
827292 424581
429533 623106
123821 904141
852104 174766
805367 321073
497734 417938
954308 941011
875992 202902
613390 673369
496523 125768
648075 666351
196729 482519
100409 202063
585848 314191
739043 691412
260757 874856
934087 276217
286813 614997
836700 219886
988398 634581
660396 457963
473908 855731
137161 805309
762907 6414
275059 754240
696451 677353
977857 106744
329238 352483
682249 696026
261954 204204
408159 837533
112614 719293
94174 192071
900647 528816
516840 398026
602814 798902
787084 989665
740385 993839
209896 961452
970158 658572
220093 284678
843043 520895
872562 688495
891123 214400
691069 683245
656238 293540
62800 535059
881017 929915
795062 590649
978863 383953
445243 639855
128693 999464
745582 93632
936196 699298
692503 481598
719334 586023
160103 247732
301055 409602
408903 549630
73167 532217
195153 294085
9777 253327
593582 531067
105471 781376
174291 186137
261259 774473
707225 630909
88592 780063
162254 841041
463087 555268
309307 74915
465382 306149
901169 625271
148738 656971
333312 845776
437426 626178
755079 284420
720468 136810
812097 926169
905232 947089
478942 823709
99724 731247
64870 195770
302634 686560
944421 721198
434349 94494
291691 278193
381996 698774
773026 770263
176334 514695
223883 399334
656201 358721
114719 453511
991396 746183
797585 736567
100345 882782
91969 163152
85741 336116
384587 703380
683629 475775
840665 716764
190073 654393
811378 523868
452700 361882
574126 640576
26757 373579
543896 725377
71156 96771
764744 137419
313097 344727
639584 471837
73169 264774
965212 964804
87998 681630
765048 860930
132308 128544
419570 983258
635584 506583
815320 27063
608420 661735
933854 352399
268954 553395
540152 696553
98864 47176
750520 588935
811659 618317
648205 906734
451200 175716
297391 312943
440190 607050
606425 812115
780999 459641
340255 699529
434569 851220
605472 690775
80421 929117
398548 47097
615459 848244
714173 755419
417124 41111
282659 61858
620173 257404
940626 403219
546498 131134
405878 489034
942366 595444
30453 516367
981467 983056
935469 674745
276429 386645
158880 768236
563528 592434
848366 384664
879121 977794
541991 448719
420952 402022
160046 345419
622778 756298
368288 658285
231651 156044
948079 502581
226355 812822
589168 523006
821876 455306
641022 615101
164031 219321
499517 12324
788332 871355
547101 652550
896130 320377
886773 29968
838450 533206
416324 652498
315038 50091
879364 517677
336769 777990
44080 55370
362024 260726
612327 412537
848085 519579
514104 328198
597934 66932
200858 867084
391175 311818
54172 132769
218649 394991
351855 136638
324381 360370
948023 722492
124482 375874
546865 73406
481732 612155
783019 53199
839552 270838
925991 239128
190064 634135
382821 799339
942260 940166
627170 587686
60233 596194
328945 339023
915141 722316
405283 371655
453359 71881
227489 193150
699041 223173
396203 766282
231231 519924
398542 818281
752692 739363
658074 975875
725198 777588
208252 62075
336846 202992
540404 418582
35247 408857
502180 845392
252256 329263
979419 584279
661254 172169
430687 526677
405099 465248
839131 323139
293649 42576
534360 664722
507826 820485
816463 340275
470515 947593
710839 691043
800931 401047
787939 645718
287926 78251
682664 604731
5768 373173
914264 262832
578275 50656
786973 443722
253186 522122
672398 165396
988941 636941
653343 261893
158107 468494
301097 707059
381811 387799
458560 670247
347417 64390
249677 781706
106520 137969
271602 676806
977225 290685
20690 412985
135055 227896
265136 272206
87673 180595
370184 595516
530353 622080
687602 200198
893785 588925
252771 397064
440440 835287
809400 235397
629535 257567
213167 342159
430093 144203
115065 210328
207200 799392
388482 293738
595810 341725
38155 643596
605815 671110
124750 700315
717586 62886
855695 468873
604384 556595
942797 204566
63125 444015
105068 990302
618583 626438
443373 158030
625187 904531
598375 154021
114162 790631
85125 31863
143814 571157
581946 134478
254433 720101
297595 241670
128785 447452
579879 927391
113689 804200
192681 52737
572946 495151
44366 776246
793314 344986
56549 397919
262717 657428
376880 326703
407031 893827
218107 755432
94798 985396
807328 828037
344037 201422
790362 885732
23504 167032
311400 902551
966016 277479
261248 966269
783825 897707
528631 621481
242215 260051
717669 50386
129392 498888
221096 441511
843222 427438
833389 641059
177503 935398
938401 357629
604055 155570
898011 900419
869587 257487
912246 294643
412935 77940
805645 615144
246040 558064
589833 572999
778994 16970
775006 964193
966246 333391
717145 154618
47369 879005
355467 967412
622766 290589
71938 731340
360734 176194
622649 299327
640092 979663
234064 965903
421631 557521
156941 532136
952374 488330
141142 1496
831060 974491
176161 557646
488337 196993
183135 827520
723138 667564
152088 17479
682278 493718
516887 12518
538150 678376
365627 623987
541588 770562
346989 320187
471934 74335
300870 672912
135603 836219
228665 596621
840382 396550
77193 229124
789446 663135
575373 354316
806965 396350
531559 869610
712984 516450
660592 409076
991931 80751
904194 416316
400129 581284
146795 465049
976401 31269
87054 932508
331181 773491
891169 947307
826627 155427
412268 550613
264891 826297
25042 622380
248491 292191
237229 897562
556811 113088
95518 264164
333345 250956
376208 249231
670414 318112
724178 325851
442551 64900
864889 140436
852584 712664
489449 587658
268950 732144
646171 139586
533481 408218
352318 222425
359395 824572
645914 102908
515374 313321
874876 699255
324155 420466
703666 370818
580528 266923
320902 65511
196373 803157
487110 941829
264111 625804
833179 397822
273664 408514
375076 592802
855637 176562
286605 242167
205933 661955
945208 392517
119578 995665
843080 902447
918933 630710
796932 147447
725224 959578
615147 879121
169616 65586
793154 75279
319827 313135
640635 553730
547967 912090
587830 402219
946245 245370
245595 681736
36245 820959
83557 671162
688053 402923
58029 92563
432043 534418
944235 52361
82204 36739
969501 308488
875708 606014
834585 961102
449122 63658
740980 631897
203734 857377
807105 941662
503422 407063
341226 679167
749052 132661
301852 778726
81003 231794
707503 517116
504679 439975
354601 9309
927251 997466
314313 270917
24877 425550
331184 776128
668796 880293
390374 275615
537245 899895
833 691569
979516 801380
347011 464019
849488 980682
268816 416736
725056 542720
229890 469738
575893 415387
90714 903637
728271 77375
387469 864200
415758 337416
257530 537126
748671 286101
315286 368825
577939 844277
584819 634626
82029 223767
256258 507181
976650 977926
953769 772663
651459 212813
712569 154611
741083 571243
441540 36294
629406 727098
131328 772390
74885 670219
825686 963015
961416 623635
74664 124856
495525 623114
642611 731653
572346 815774
929094 95182
2079 630497
476718 129125
336361 225949
641797 771452
905827 532752
737108 276975
483510 57865
260352 657089
967177 119656
491266 904824
229193 424657
17121 662680
760321 169672
409184 150520
685115 177071
775839 482274
645805 656342
602070 43868
926623 216375
517728 742404
317391 478656
902526 198090
310570 923617
642938 71792
56399 562194
128967 803377
598893 419069
371541 683874
421245 775812
572579 678433
338516 997176
715336 92122
271932 909769
780183 852859
212015 980755
965634 586986
282165 979228
37801 862676
555449 894461
877207 223206
744484 347757
210174 191552
393848 419849
650145 986030
808632 148008
576476 173894
872920 894387
414498 44659
705180 488673
461320 504423
817713 421027
823597 303103
252199 319961
41925 47733
974737 137301
664719 511294
251858 503868
377025 684080
761674 253918
847405 691265
455780 723840
651225 843026
452466 468981
834858 606114
745783 848207
858083 861299
230262 751062
207202 382127
571013 473520
638341 334848
698704 673494
668952 72907
992019 561685
637322 551539
998592 198938
545542 733229
684504 654399
913044 311669
562130 36537
606133 283992
952039 482342
721920 167970
904708 364837
850024 182239
698609 388654
343705 140076
680362 344475
665981 623520
82736 568537
291368 995724
545887 859144
566520 410197
601246 277278
673681 447912
400737 338717
159168 337180
142948 858242
503129 779104
746327 535947
256220 913067
479926 91660
853799 388919
266137 446847
422802 492019
713725 270826
192813 375821
486619 566616
454872 969862
293928 661326
447099 466742
133950 679128
636934 908665
806817 707912
31 182908
423536 101694
830118 766521
291930 223938
886884 19228
451226 876818
962422 68094
202523 179904
386795 407735
697878 995282
79651 138500
472394 4099
86595 441600
973619 835234
978759 320490
833095 508247
217097 973783
366099 391461
427711 655183
142742 879771
207295 956825
283562 842238
371841 495331
679309 184285
820737 511074
295865 262083
97738 32559
83990 192281
821594 25898
700684 714966
161856 400219
389439 412597
235896 313607
535192 558699
359624 74904
133982 290132
728541 183824
396375 812292
388469 5439
627503 889472
20022 218273
543070 761248
951564 745721
173961 459619
921469 583728
392369 610807
10289 523204
605222 288792
776127 281788
30201 611223
10333 177424
448959 321955
639846 534921
989774 713319
396992 550056
385993 661499
983223 762752
687290 326719
615105 9040
466760 615265
162841 153342
634242 813252
249628 495048
877240 30240
62386 749977
218552 505123
413369 677674
213626 509334
361099 466479
461721 3054
896847 570174
957120 157907
52167 930839
912675 130750
695638 880554
233293 589960
477201 861006
282623 743751
649580 677627
497055 8251
149671 299415
761454 116557
242496 404076
118572 882110
446077 42581
152285 157296
17039 456708
313906 196204
343563 246539
44762 765634
92072 243987
390702 343171
947878 21047
83906 614967
598517 797617
406777 254111
305017 111058
121293 872783
718216 874560
210760 276060
516939 608350
544858 5462
270029 891631
432931 517524
973605 174557
792124 519454
282528 881451
898743 905015
739276 523090
370635 467602
338192 557228
907032 539617
969410 411340
219985 164307
658738 814775
509929 454469
154631 420801
954504 295186
17528 193336
984302 919129
409686 695134
245084 283020
242977 287834
121043 532086
706606 482351
523694 176061
558694 102739
930840 157819
880375 548743
667168 534924
773340 278328
248836 580801
57020 724238
762829 4456
752506 583508
702147 171247
435928 689156
637793 164166
396771 981202
24855 462026
573828 200346
430248 405480
818494 652488
213531 355214
543753 82627