523148 267235
884665 815676
297738 119874
135139 928001
459406 507531
458309 36786
890120 388906
773233 110845
733612 761489
262427 618172
781968 269790
363007 621957
323192 783163
247287 658036
346870 931228
946237 80857
600816 486859
873177 627012
552912 830504
785615 152753
58474 54025
36375 338132
3896 945042
890857 45523
622914 107675
17917 298908
945588 818816
600857 86789
604374 872281
774339 276558
313246 305500
306307 926805
194552 604831
691609 599854
576272 551160
63493 629459
500520 584813
674955 531198
891716 177546
478703 549853
591264 565697
931959 980580
225108 179334
455173 30877
403310 839857
781503 563370
36502 925940
166805 343129
164428 589041
714061 231370
932906 288230
411679 402799
779314 609043
424659 499106
974246 288332
160329 608233
67048 105937
520789 759064
741290 315632
418051 683709
653544 48665
321855 866218
686874 802606
934031 683749
615600 720857
448287 495498
410856 82242
316567 693483
40554 863529
443451 69926
284762 632846
371959 537939
354768 663753
649971 672192
451322 663746
729275 708037
924442 342427
788741 723286
696898 570228
34823 488427
886000 669167
583701 654000
934186 715886
201881 849425
822688 58509
41595 944808
229294 731088
114607 192799
133436 158589
495553 89200
847088 993648
350675 678685
72846 554819
495369 769348
285730 89540
392823 926439
51624 198557
477627 106872
910196 244
560047 413785
933340 701691
935573 111220
494014 999558
329369 29717
798838 791387
159587 288592
201948 996796
876907 355439
522040 500465
702561 518398
22874 919512
599909 961499
288690 765171
514679 147486
607304 164404
353693 60061
475842 880843
196189 815012
553154 854754
661081 697947
600848 233353
161113 702900
525602 239318
393385 26065
898214 262573
803083 2916
31636 567968
891055 524313
877728 792431
824893 857180
482036 61444
347779 703075
310236 138837
157535 596214
951636 741970
842985 931589
492128 327859
111115 584248
639758 617256
397457 491829
207302 362023
228443 569456
738248 978526
979165 530109
243906 409061
819231 646954
558324 163648
958143 501763
294458 899459
173183 458598
610128 71702
207085 47887
774080 290969
555505 546306
312514 693018
724753 129993
91888 676327
617549 804672
71120 886910
927193 710507
402424 547429
962733 825140
211772 542008
472095 337281
752978 289745
961927 739730
922314 590702
972831 997393
353020 96601
491549 729566
831108 872578
663667 963879
102878 129405
541657 567934
731662 186698
853 843329
23772 698095
701913 76038
662038 31968
294931 395127
687060 338125
42071 910224
355938 490428
877197 362567
725338 70463
23649 162302
581106 573416
533211 394059
843632 38043
971885 505506
539546 266794
229001 586275
705128 180779
511057 405666
896540 663502
418969 755553
250850 574059
349695 49188
815492 180788
113547 639093
760280 484753
608677 377082
880860 632242
683829 951179
378708 910033
711155 42666
680730 478176
559337 952835
527500 293995
332477 554486
800532 332508
209061 601915
69628 893147
322987 28734
373398 966818
611069 707173
129464 612985
593079 165856
733820 957652
427529 859889
877012 453523
769169 952758
745958 337438
564295 182169
803840 738627
852059 824696
785696 929082
169983 689829
533992 995125
362697 124632
228126 201286
87353 816063
255434 393053
57085 47606
118988 185822
825153 21723
993016 660679
138961 793778
543856 774608
124457 24731
27080 919855
512759 270478
899754 557208
205431 677825
59514 361883
78631 782404
100760 990114
180511 183939
190338 950941
904133 255290
312910 711468
163073 228747
885134 327981
144917 473784
115356 27472
655239 391087
449258 837251
866721 640824
225076 316966
373961 633105
731226 610123
595907 53176
788352 568366
1553 352981
231542 13033
391781 408952
577064 189020
193693 487993
64872 897043
9419 843286
622914 350066
982809 941785
805520 477743
345987 524876
134768 578806
613677 971381
277690 813445
828081 14206
12490 237108
525375 45421
932016 320217
864371 480804
695854 109854
989441 47219
304540 865657
237083 170182
725938 461808
425039 145675
197746 921197
269147 888648
312362 957680
293083 593657
895104 337071
877003 306878
716356 682066
849773 878149
506796 104295
74005 9044
802256 111964
143687 467433
760598 235951
801029 892818
318678 290896
156627 379137
312182 886019
631601 538728
707696 128924
253307 773629
955162 709047
888297 980694
787144 946882
89427 551035
49958 602579
792535 424094
746832 387998
100693 348241
987844 649963
711031 891616
737888 509004
102113 222979
743766 280343
329233 571794
768388 653262
188585 951029
544624 917199
786687 408392
441286 113926
672039 704763
906380 680371
679317 270192
429416 921960
111001 462141
316958 527581
395893 560908
243448 776638
580165 286975
80108 275729
548479 151422
275914 581854
182835 166699
14196 20019
674027 95166
67216 360230
948379 753655
780302 992045
389689 48704
226154 596040
20627 112253
651026 367547
982743 26702
912992 250652
242965 599047
82156 648285
835943 743180
143522 611396
381333 625115
531014 983601
834935 569082
410078 309320
571083 523091
454262 585719
247217 891158
336340 996444
21643 887201
864604 804255
959163 380406
989270 506092
931193 701641
793882 142027
141883 924862
856124 678036
99173 500305
3084 962113
369819 393008
35068 665796
767913 541367
869848 285667
501385 446012
363388 32644
982459 374165
975838 807587
603211 535290
350128 792784
869571 864619
288322 88319
130571 333914
877448 512088
933921 131749
725884 878515
986233 799188
668554 253240
240451 33197
406208 470815
990547 377428
210168 771674
630919 842343
867504 135541
745187 379760
285762 578350
542635 646405
189582 934483
460179 750396
400232 570996
620375 793311
183044 61455
245277 320358
117016 532384
345487 376071
444816 930173
670863 694080
477028 789748
577803 594023
440596 393889
798675 578838
967938 632986
912565 271901
868550 515591
620561 899986
442886 983214
693845 681917
671324 607317
695395 818050
914686 63014
352397 542041
716524 613091
889957 895412
439590 326114
747885 859117
758410 437337
418025 93984
601006 758266
682805 707311
634728 405025
919021 18374
992374 662776
31635 675271
347714 308479
511217 187202
584810 500220
478235 651525
634236 180219
165291 803016
694104 836894
709371 539235
90482 992061
694959 349348
337890 719304
372225 972845
331924 65179
804445 414258
906298 592340
644903 42061
367918 842973
511135 749566
708650 298290
303091 783519
885564 992117
17973 688550
625416 752890
44815 504669
893852 518051
587835 728490
450710 933818
610869 303497
448302 491089
79189 504988
108792 294614
723563 724297
805942 904579
410549 876730
321020 705258
671597 836689
76150 939955
569371 202010
486970 915798
229813 283305
848556 181727
30849 340648
169136 162168
450507 520333
996946 985717
509001 336102
971242 127514
693001 7645
742808 803875
350251 314904
626460 171056
893487 920895
183776 371047
505539 586436
323546 571552
910713 201341
950820 581313
555941 532106
274320 914470
848773 128577
813620 624921
822191 96386
618270 60020
333119 169251
306714 277767
828393 917820
295262 792058
911441 628439
104338 63307
405059 150990
930500 207962
602255 425091
144214 935053
677135 344140
292398 248138
44387 109903
34276 692785
968415 616822
813920 16504
196519 351029
426286 62865
386833 828524
452004 577542
440423 648657
85838 489233
373379 138096
207722 729628
416955 684327
552180 604373
140681 243464
457134 825404
537217 824509
59848 737675
107393 714246
645524 518048
666829 912743
525338 625837
892557 613382
617122 594698
349665 957877
435742 272951
781439 675764
739966 385826
255911 233839
890726 243965
204417 110988
316240 733592
517937 424195
313184 701519
914647 721270
576588 271362
158365 37101
354286 963791
402395 444190
257354 521440
211339 125447
642402 916711
771701 429048
107488 460376
23801 925939
569602 596921
172079 207540
869664 253858
273491 932983
541774 452687
899273 483018
50808 972798
43399 461051
938230 957569
438213 893992
79152 771074
68519 282401
521554 398559
213671 220488
47828 697556
690229 816151
266978 162925
140097 588226
684642 45114
953615 814801
186668 975975
823709 706698
298534 992398
89293 588959
713058 10451
60767 167888
79898 518008
690555 858851
73208 439415
423031 203256
418312 289364
906595 727191
136432 217897
471195 969086
297796 294820
242731 187673
817212 81043
994541 678800
890812 253392
360139 843087
299580 285209
900129 103404
408994 548638
398177 220497
618078 18833
143347 474838
671986 265356
213101 826365
392450 164847
342497 383164
867156 928138
778677 771867
60304 253825
279533 583148
850454 126642
835143 610591
228256 999761
783377 510194
960264 641670
694183 954805
722940 612843
222551 305350
946012 473204
338123 685701
73814 623437
427271 280894
839158 629520
789981 461947
799920 309533
540877 504080
22630 134286
701463 441455
928972 503733
700067 126012
60104 987212
657965 193409
255676 514105
71453 25788
46026 171892
986125 989575
328754 780463
343925 404262
661442 605136
243401 666711
800320 335595
122079 663112
383234 153944
974031 963519
814928 834283
732083 930970
992826 33896
905655 579345
705118 869857
883435 215300
187502 629588
829397 146747
164348 594927
148551 240976
838074 266762
581825 704385
89532 331287
744081 648248
902198 442810
377279 525441
129182 108677
635947 418014
392346 686662
97667 400579
686364 252347
553093 966958
243666 231446
460283 857471
451392 384263
285383 80152
704894 341630
570029 6361
959464 103655
200593 737162
1346 272336
686023 906007
646870 400785
112529 42094
698770 565904
509009 861595
600286 5297
404843 718426
161654 890588
175767 931489
405026 891099
596919 538742
912114 893914
370641 891515
825538 741083
727527 444758
285912 637366
791751 615597
449176 647749
508839 335694
667376 555750
835017 294035
131164 766501
996525 993068
614762 487192
398763 93985
704372 921049
439259 233120
468456 604334
400081 591697
862994 794399
450661 100454
256344 608482
782381 810491
801582 784731
90895 848998
869826 404372
429263 16017
46596 242421
214989 92772
602240 497286
384109 243977
534596 928869
460189 358628
621960 122004
797809 281787
628874 166261
786927 208922
606654 952696
512381 153709
317154 564159
407405 75304
620732 534978
270405 879319
994970 299447
641397 733926
333672 675528
409609 644835
427770 511193
529117 823090
561356 698616
176151 179451
858848 755347
926865 140166
303682 567868
265357 458149
673042 643593
24515 485774
271308 636242
84423 756877
863894 446281
783613 472052
576772 124924
71011 179227
96392 434067
440253 742932
444380 743496
755407 852153
274476 891741
273807 964434
741460 178568
759745 258747
502856 816745
52631 832428
22098 916644
675327 23245
860468 478533
142969 517440
644326 682156
831457 150611
945324 238499
511821 249694
390074 559458
209091 780561
709424 734921
994517 898750
986322 50554
13529 488053
864830 207455
546915 384820
449996 668264
256271 921313
915776 762565
473907 308894
244190 445660
211409 177823
782138 752523
758975 308846
253474 832558
185397 566697
725388 369623
232973 948380
539340 25026
335671 355481
509942 786493
775647 460172
916470 123988
506239 766041
701872 194017
901013 825256
487070 244286
482401 17733
478608 33011
274007 349804
313174 48298
663561 734817
578048 684719
199503 466198
581620 388058
706687 560227
302688 221067
411597 744356
836594 3158
948675 383857
870246 126179
788813 172000
940830 710628
466197 812243
790460 911327
926179 776204
787598 667396
309001 718503
167398 3221
496869 578230
838768 417624
112497 190935
738672 6369
252093 432540
194506 919710
374431 570259
679826 54121
741337 53322
341784 164240
502923 128011
213656 891667
620525 957290
273384 380818
486163 43777
349822 204639
40423 384002
558158 902808
279299 893853
682116 44017
171829 432986
856766 41550
750691 596823
100668 40129
502117 305712
318264 391128
619101 440635
234670 113467
407827 527652
482462 390538
787409 453891
488794 274625
285345 165764
493906 471868
694655 295451
678668 85695
937257 851618
688410 886278
180185 933753
103702 183521
675481 679380
774808 546102
215949 60387
123092 923857
894129 856086
863754 355408
148851 376801
681188 949887
149641 992068
834820 779570
214725 175585
617548 996475
10899 213658
179706 515150
947821 576333
683958 974067
900987 412340
651396 615298
492599 963411
390226 404019
162339 61506
211262 307996
507231 899393
541164 55327
783039 500774
235610 17418
574181 314603
315900 635781
112605 911112
983454 918386
763853 993563
852126 680201
613441 811782
678590 635274
8025 81101
582478 58755
878163 693908
45872 379858
866683 74377
978140 261061
423155 543030
859728 522494
927287 540155
559688 646911
854875 315582
797302 582622
232525 345013
769152 984663
759481 776198
109144 226498
130393 97985
675886 547869
33937 309498
878456 662706
372325 511415
226894 869153
289255 861792
417040 599486
827101 858895
649070 508855
429565 209964
856186 70804
34325 150883
638828 21891
885331 932782
600622 294646
687097 179519
527186 478049
809593 228072
268150 589784
583575 605899
213412 647221
488531 565226
425618 572480
633669 170969
870142 43289
952719 245428
626392 92302
743307 969017
9500 219989
28131 232958
82920 678068
589505 232403
450634 866191
476753 944586
187148 592660
447777 180379
8106 860617
547651 674934
514556 807156
968865 818639
760616 27039
442003 873758
65220 41706
903695 890213
880848 760265
747341 806110
319352 636558
866107 644015
532980 370303
692271 346700
244178 37474
797465 369139
77468 503883
570875 634446
59656 565318
321013 489433
79996 801135
549571 598038
984980 894264
565513 679403
223578 121505
779021 187324
17346 742064
291565 134999
528222 861819
451953 409616
615704 756924
256465 885101
560460 64249
259963 813126
152680 861846
318953 16133
455582 140599
85557 131238
337578 621862
129353 43327
644056 439847
500477 929978
646538 367432
614543 50883
106918 498397
228875 345300
963606 44936
452805 388985
674118 830273
493151 795380
751976 137474
851951 574137
669240 775725
884347 522098
517962 749464
656833 523301
