1 1
1 2
2 1
10 10
100 100
1000 1000
10000 10000
100000 100000
1000000 1000000
10000000 10000000
221 664
668 246
826 210
17 789
99 375
586 481
977 46
435 24
154 1000
201 906
215 671
604 133
141 355
297 832
791 837
137 460
582 814
561 949
152 642
248 939
130 978
594 867
777 843
123 169
812 487
895 562
487 19
968 523
525 990
459 717
621 452
84 973
912 909
363 834
85 749
140 637
490 282
37 473
130 515
842 501
158 257
826 293
820 320
43 281
346 846
861 816
575 926
180 654
867 171
70 701
385 821
945 963
71 712
373 798
725 72
290 353
151 662
144 319
509 636
283 4
499 649
950 215
443 974
790 933
109 622
72 578
357 276
129 920
332 154
22 832
53 786
515 782
275 794
757 768
395 14
507 765
16 565
934 540
330 191
545 147
76 597
951 644
373 125
924 933
524 867
598 897
375 200
285 108
839 389
762 947
957 394
748 203
744 598
60 35
368 295
807 165
940 152
67 994
692 711
494 119
195 334
165 359
688 56
434 52
478 259
184 731
606 899
911 877
894 226
330 812
521 338
760 533
911 273
217 717
14 513
86 887
551 855
74 374
73 546
699 6
686 245
633 925
444 635
521 759
730 391
765 630
378 777
415 470
757 154
875 446
425 229
543 635
920 798
520 634
72 84
154 272
223 289
544 294
570 765
237 642
320 739
974 473
640 43
376 267
271 409
207 52
210 594
793 811
946 651
890 760
791 977
583 966
983 429
864 178
879 296
431 489
123 278
768 568
85 984
397 73
630 382
537 109
21 132
759 930
218 760
430 277
834 457
215 256
218 699
599 514
585 814
406 436
513 356
236 481
42 50
294 219
46 872
518 413
263 211
194 675
998 92
747 620
318 690
18 179
579 303
811 110
812 491
978 215
222 258
840 355
686 314
913 725
427 313
44 798
847 98
591 685
186 320
920 328
563 716
555 726
813 189
121 26
486 253
644 722
838 106
328 125
73 694
304 171
86 219
702 284
482 594
598 56
677 491
711 857
426 354
273 108
429 917
182 753
298 388
734 417
692 148
509 48
530 80
898 715
97 379
552 163
867 22
355 380
153 173
869 160
15 666
413 260
255 956
34 596
488 149
519 676
932 168
257 697
316 808
376 463
429 69
871 800
49 788
369 768
220 695
186 217
382 393
817 716
872 353
663 790
199 429
106 625
246 928
337 154
332 62
14 191
299 172
222 418
339 956
852 394
604 465
334 960
56 514
870 378
589 669
910 212
759 490
309 958
455 864
670 92
933 162
344 467
923 684
354 114
455 955
22 968
134 363
346 710
824 888
172 405
565 649
99 659
935 611
318 552
989 268
428 108
558 718
382 457
69 484
621 922
945 709
350 577
346 518
456 158
431 787
19 780
543 851
43 183
973 687
220 464
628 324
598 638
803 80
949 508
737 666
417 450
724 763
879 51
764 877
740 984
206 955
855 282
551 74
823 130
149 897
193 774
29 480
213 547
490 164
859 34
444 178
598 43
181 850
793 36
229 719
147 864
104 569
946 324
480 979
706 471
7027 1489
1018 7451
5520 143
675 6848
3223 8155
4800 4438
5879 9246
978 4126
8662 7718
3838 5196
1465 6649
1077 7485
1129 7464
8873 7333
2170 7893
3082 9189
7394 1065
1344 3675
221 8363
158 9897
5636 5733
449 4053
7453 327
3812 2885
5818 6720
4345 4251
2351 5595
170 4708
3728 540
6003 1705
6356 538
2221 4515
2867 638
7197 9722
8478 9614
8215 8125
9001 123
1962 4763
7163 8420
9295 4678
3921 7605
8649 1107
3162 8637
6386 6426
7440 5716
5184 4852
6317 3443
1447 5086
419 2359
4023 7957
6360 4516
378 8416
1088 1287
4419 9113
646 486
2142 7119
2415 4638
3289 2867
6325 6358
6142 6275
8994 8106
7897 5688
469 7493
6192 8653
1795 9503
2793 4168
3499 7001
7333 4369
1794 5218
774 816
2162 9594
1857 1860
8811 1202
1781 5592
5705 5482
8252 429
1287 1268
9092 8015
5410 3934
1707 1501
6742 9738
2888 777
4828 1413
284 7905
6188 3173
5691 4205
7566 4393
5525 6380
5841 2535
6934 9983
5883 47
6678 2118
2640 457
5424 5355
7338 2832
7024 4385
7962 1680
7640 6411
2313 2930
4105 4770
9614 3974
8786 9879
4013 2994
9429 8011
9021 4388
810 470
126 5968
253 7668
7188 323
1718 8938
429 4056
2550 3618
2784 9392
6659 2929
9954 5058
9032 9734
2373 4157
5033 5129
9502 2437
8693 622
4304 2736
5539 2344
1712 3325
686 924
7210 6253
9789 8266
435 7777
4336 3616
3000 4619
7024 6806
9601 130
5600 4202
4170 9920
3924 364
8620 9804
8925 4480
251 5050
4027 4365
298 1039
7431 4919
3339 2101
7762 2805
4640 9051
8680 3723
4829 3298
6865 4702
8005 1914
2954 2100
8981 4383
7953 2518
6814 9239
2864 7276
9829 8326
9057 5979
2324 8879
1907 9397
3869 3449
1758 3568
65 611
6042 4065
6147 8503
2056 9614
8953 3981
4953 8415
3681 7548
3330 503
9832 9595
6923 6404
6226 6344
3341 9507
4653 6111
3554 2244
9271 4166
6089 6305
4091 2843
6260 8675
7544 5543
9068 2169
7230 3331
7986 4078
8006 8863
6522 9614
4357 8592
5594 8762
191 5051
2317 1049
7027 7585
5107 9097
9338 4471
3270 2911
5768 5927
1224 2616
6484 2078
772 1440
9598 212
8076 8083
9344 4504
1797 9091
1790 6947
6247 9931
4670 5099
5843 2381
1525 2683
3576 2864
5288 7820
7465 6803
5536 2230
6872 3523
2018 7456
6942 967
53 9855
3220 7677
9197 7893
2180 4103
5541 5552
7742 2037
2983 98
5592 8311
8017 4373
6990 7587
218 7382
5940 8875
887 744
8409 1271
7583 6481
1840 5160
7214 7039
8450 1950
6152 4851
9484 5720
1558 2327
1199 3734
1357 1768
7394 527
3856 83
9530 846
4394 7406
3169 7406
2013 8994
6791 5253
3831 7197
2441 1868
9509 5094
1701 7736
6233 7260
3450 576
5633 789
5788 3743
5702 7508
6671 2843
9946 7605
9774 9499
6027 7480
8898 3356
5091 1702
6271 5175
8200 7968
5706 5122
5439 9207
7946 7198
2862 7901
2822 6846
1697 1854
7479 391
1012 9623
2193 9229
2661 80
1824 9223
1803 3377
7611 9513
6339 9173
1169 5033
4901 6280
2016 4130
5175 1529
8811 9210
9786 1818
3770 2732
737 5249
8774 8668
5192 5473
2573 6129
7810 8776
134 4452
3672 1651
8847 6012
1122 1213
3339 4963
3201 162
4902 5422
9607 5830
3979 8398
8606 6983
7729 2018
4369 8301
4040 3667
440 7978
1787 7390
8454 9179
7347 8419
3728 97
7576 4169
7638 7340
5086 9772
9439 8133
3867 7862
4677 1996
5548 9661
7279 2468
6077 1710
5249 4531
1193 7868
3435 2806
9560 6660
1882 4148
9780 7313
5556 4897
8079 140
2919 9823
281 3922
3371 5305
1244 5687
3575 8474
1100 1670
5887 4648
5965 9213
7147 8545
8641 548
3953 380
3385 7895
54119 9530
86127 22144
96983 78705
62654 33257
75415 88966
76336 40174
15412 4905
42740 51484
41885 54916
89914 5982
27762 46871
30102 43931
82858 82700
85705 17092
80691 35521
37545 67140
87389 9587
41685 55896
55442 90967
35943 69
84084 76183
93229 92404
12968 75296
18707 9708
95963 1795
99790 54601
40860 4021
13664 84407
47114 21695
95710 66762
98394 99227
77099 294
54376 6882
18654 17470
83337 80920
43068 78428
67133 40121
75032 22252
88723 5596
75715 75863
82556 54229
97539 43276
31742 24469
43574 16583
17279 91589
81942 15845
29892 70862
26940 4105
14570 14311
42414 90763
50540 57655
4281 87353
6776 94311
12078 76542
94487 41294
99578 86176
22776 41512
41394 62602
51552 12986
85709 51718
70184 17250
26003 46447
32292 7984
50380 74386
39137 74320
14877 75294
52985 1820
59892 3972
66778 51545
39703 2106
94173 73663
49015 91221
87895 88859
17317 66307
47774 61540
74619 58610
5421 9138
83476 79342
69260 3981
93128 35406
77345 66702
55123 52444
85418 29173
44465 54480
14009 9370
71543 55296
22552 86296
34621 13212
49926 24963
63968 38921
80004 84761
21189 62055
19637 97957
65282 75769
4374 19453
84634 59015
52525 70378
78012 79253
44424 84901
90799 33198
41279 40667
12459 53772
33565 88832
8433 58056
55406 39379
87821 55710
86909 19152
70390 87857
95875 44898
30891 35896
69717 77283
76332 65067
18750 72740
58287 27560
92524 54607
49993 3723
27815 7412
86400 47257
27983 41914
67807 50958
31283 12558
34914 81601
57506 13342
39982 81270
68905 44767
19373 60232
74807 98820
57441 56104
48237 96182
2991 2519
34564 53839
84052 12433
98647 40212
41230 15988
82880 21347
87822 18866
55143 79189
99665 71899
16808 52338
3387 60152
19907 21983
21272 26817
68503 60014
35488 60380
26581 16972
48581 24933
93724 34361
58760 73421
44974 93812
62346 53509
82382 65367
37067 66623
93155 2624
51821 72411
19220 52158
90158 12416
81115 37952
42322 62713
10875 43282
66093 63887
62697 89243
62451 41246
9979 48001
87360 66088
429 35643
64185 30736
14866 19008
45984 72468
16296 88812
58093 88777
73674 38888
98805 59726
8637 83496
44747 23364
62390 27381
48303 42436
48995 35414
69804 72994
72933 30305
89490 11497
77476 71694
76526 95251
96670 74218
80537 73330
34058 82250
8533 73272
48298 2391
98607 72317
55023 63930
5808 47535
1069 52997
58369 12808
51306 11683
80337 29891
28527 63034
88755 14592
98605 44514
1686 66124
66716 72598
31163 30024
50597 88049
6687 56127
56740 45520
88615 37972
38784 79739
48940 21403
76281 29225
22857 80882
92682 75222
74441 34526
87014 19340
92335 73085
1263 25449
45836 40954
13710 86111
71612 29997
22438 80078
13612 87581
40463 89630
98793 79887
24767 17515
92174 30313
92698 374
78079 80468
20203 42112
38956 8024
40429 6680
94157 69163
94270 49101
11983 92579
64686 27410
62891 18831
49565 19232
74979 51596
26846 6246
11169 75818
47677 16532
53955 14710
25273 55921
87503 21480
66661 67228
61775 55216
58151 15145
67116 37412
83832 50563
22257 96331
46298 47849
48966 51143
25202 57180
64097 10084
90594 81385
65498 23478
47201 6159
26134 89276
38301 71058
5431 656
62203 83285
79119 44767
33723 49630
96798 95344
60365 40975
76243 22441
3708 15772
42904 19653
32684 98889
24411 29626
42702 51203
27268 28186
31469 52058
52545 16231
6755 1065
83848 82563
79059 59737
10336 23563
67411 25753
70746 86258
73783 44294
6209 96882
28100 77367
79288 5702
93668 744
97869 57388
38173 61057
31491 83111
65604 82193
38002 8659
14253 58737
63504 73605
406 78286
32287 99217
46966 484
15510 35298
30 59116
37266 41427
49549 88713
3154 15047
94856 43494
57121 29725
41765 48400
52167 30135
59912 61883
31032 68955
10346 92906
51830 62536
33796 91062
60709 12469
52021 59488
25892 38199
4987 96898
25382 83126
24185 27379
62589 50775
88645 56203
4454 54222
14375 84892
72387 52265
36090 84680
27747 33686
50476 54623
73662 3277
25501 46791
55474 41766
86616 89568
98481 80150
36557 32122
27872 82499
54051 73618
38716 46675
27309 8165
31873 71788