221 664
668 246
826 210
17 789
99 375
586 481
977 46
435 24
154 1000
201 906
215 671
604 133
141 355
297 832
791 837
137 460
582 814
561 949
152 642
248 939
130 978
594 867
777 843
123 169
812 487
895 562
487 19
968 523
525 990
459 717
621 452
84 973
912 909
363 834
85 749
140 637
490 282
37 473
130 515
842 501
158 257
826 293
820 320
43 281
346 846
861 816
575 926
180 654
867 171
70 701
385 821
945 963
71 712
373 798
725 72
290 353
151 662
144 319
509 636
283 4
499 649
950 215
443 974
790 933
109 622
72 578
357 276
129 920
332 154
22 832
53 786
515 782
275 794
757 768
395 14
507 765
16 565
934 540
330 191
545 147
76 597
951 644
373 125
924 933
524 867
598 897
375 200
285 108
839 389
762 947
957 394
748 203
744 598
60 35
368 295
807 165
940 152
67 994
692 711
494 119
195 334
165 359
688 56
434 52
478 259
184 731
606 899
911 877
894 226
330 812
521 338
760 533
911 273
217 717
14 513
86 887
551 855
74 374
73 546
699 6
686 245
633 925
444 635
521 759
730 391
765 630
378 777
415 470
757 154
875 446
425 229
543 635
920 798
520 634
72 84
154 272
223 289
544 294
570 765
237 642
320 739
974 473
640 43
376 267
271 409
207 52
210 594
793 811
946 651
890 760
791 977
583 966
983 429
864 178
879 296
431 489
123 278
768 568
85 984
397 73
630 382
537 109
21 132
759 930
218 760
430 277
834 457
215 256
218 699
599 514
585 814
406 436
513 356
236 481
42 50
294 219
46 872
518 413
263 211
194 675
998 92
747 620
318 690
18 179
579 303
811 110
812 491
978 215
222 258
840 355
686 314
913 725
427 313
44 798
847 98
591 685
186 320
920 328
563 716
555 726
813 189
121 26
486 253
644 722
838 106
328 125
73 694
304 171
86 219
702 284
482 594
598 56
677 491
711 857
426 354
273 108
429 917
182 753
298 388
734 417
692 148
509 48
530 80
898 715
97 379
552 163
867 22
355 380
153 173
869 160
15 666
413 260
255 956
34 596
488 149
519 676
932 168
257 697
316 808
376 463
429 69
871 800
49 788
369 768
220 695
186 217
382 393
817 716
872 353
663 790
199 429
106 625
246 928
337 154
332 62
14 191
299 172
222 418
339 956
852 394
604 465
334 960
56 514
870 378
589 669
910 212
759 490
309 958
455 864
670 92
933 162
344 467
923 684
354 114
455 955
22 968
134 363
346 710
824 888
172 405
565 649
99 659
935 611
318 552
989 268
428 108
558 718
382 457
69 484
860276 379344
318537 157381
711761 349918
408966 709282
108833 602447
763346 682503
873478 164053
651356 175180
318995 805884
577713 10609
777803 903738
327719 454536
852866 150334
976726 601979
159419 972790
479015 149040
301425 12823
527324 644934
749067 470864
900107 215728
395950 934080
309407 364963
604881 533382
825351 336262
844964 262581
571379 46019
920846 375317
700908 954756
111849 541426
387280 556911
693575 15587
292813 971514
935314 365300
324034 764652
388259 467559
148755 850636
811174 652183
646186 533858
869557 693324
106210 332514
816019 52159
157799 666719
399239 102295
930006 856410
763416 760377
390454 591001
47352 296741
247070 957276
846211 221548
324037 337615
874517 411455
53575 783102
325142 928952
680143 774919
458101 416402
284061 980755
584055 470530
672112 633549
26750 783977
815025 493979
606634 180318
361792 53113
765559 606739
53969 270811
563156 871405
686884 491667
846172 716911
79483 75746
793812 41173
531124 245151
52067 551546
598801 302434
633154 122297
537130 145140
602954 807026
82201 603234
497807 47494
811406 886309
390418 716212
637534 777430
431448 754057
169173 808863
898174 726901
989762 1661
780096 153551
422844 208295
783193 138842
724911 777798
910056 118077
774647 652987
970073 464578
373986 3961
841668 345155
390012 780241
934117 912981
58643 741193
50969 954553
270219 984241
728208 321025
101646 428665
200474 862196
886190 170317
558718 716388
353734 740023
249133 76428
527342 628924
816062 358983
410729 383998
91425 649299
642354 775369
695215 366139
832108 625699
56763 172662
899443 766286
736063 209323
100803 469652
745448 765466
534526 151124
659985 856393
699428 24626
667407 942061
81463 318389
17912 456184
333468 89665
718554 770537
830049 793249
315218 917278
926576 399602
655699 77984
188909 174431
310145 233407
932655 743087
875202 318073
25904 910618
842465 658415
219661 369588
634150 588406
656740 998795
567114 919376
450061 88335
116561 2489
835581 927376
379560 486618
431234 753425
203821 388327
721658 545876
751594 162892
318036 401526
206066 447681
734078 338078
548739 133218
707136 314964
755890 401676
213813 451665
45455 874669
673604 667623
844859 654867
694798 399516
11825 369551
710057 754187
174953 67931
929751 998015
711052 903243
347172 224396
423902 386275
167195 981389
43276 284712
244629 120908
31960 70597
849417 879851
130072 568534
703308 46466
336467 662731
743641 871730
44332 771205
458430 827831
383031 668913
668858 963360
296232 239879
1715 904778
859408 37222
406405 146502
847178 319206
994250 217269
704860 138470
730859 870692
11458 704642
479111 744604
681182 961310
956236 229493
284156 15108
566431 635792
767038 836512
126773 643297
63635 200455
640284 443421
473773 13890
575354 569724
545916 849797
515889 411884
608375 908586
139056 544053
961728 39486
319728 677429
554089 182956
221801 606718
336750 774936
793769 648859
706509 728298
896369 924864
835614 727150
476854 915474
730388 769223
135305 657152
139243 301184
549145 453600
798063 893594
917036 342916
213335 418422
394058 915966
501187 10307
989452 261220
166262 49764
273622 216678
880123 700069
917276 928082
198618 686655
713344 647627
11550 904755
590588 502037
44978 76740
776975 791798
371096 139212
146413 326367
323588 372288
850632 66946
648939 897615
555850 518201
982192 770654
52900 445396
101461 253270
265923 373715
677015 897916
513277 659503
505926 573424
794585 619165
257894 608443
763200 310672
443787 501733
844816 412678
157748 756599
323669 58829
389219 89269
941495 659313
804514 85394
197742 399342
335939 697769
607375 667498
733213 71338
787986 96606
620777 399346
465492 42454
644050 185909
657617 225623
16370 665786
931724 794709
278553 981379
862374 136808
551752 839339
441734 874735
354893 853935
37453 463259
387978 508946
200911 352328
33619 269453
203404 550678
230345 295102
450086 635400
343838 829595
47094 278290
533902 668853
32338 278703
173758 219983
9124 544733
872367 922940
408292 640576
374726 450605
4554 293359
227504 348709
479869 846902
447316 556805
102366 126111
345701 446907
623559 673900
184403 306396
101585 120994
49852 767895
73543 154372
148349 769757
149447 404438
755601 790785
641669 860735
223049 539856
11239 43443
89121 304089
224370 409031
252778 768691
273944 399818
19038 589087
21110 730565
179582 490625
2545 354927
112075 301404
220012 407260
41512 837897
152293 196930
38023 162974
390647 687302
27676 707460
42514 132170
234701 272315
373062 385059
10713 908776
164703 370076
189214 362436
739925 791353
479835 853761
187596 790761
8770 9094
1527 155493
740227 987374
641208 660924
280826 998937
161429 343532
397108 503540
578796 623334
494678 521706
1319 714971
896 20770
35759 232268
153759 221708
154490 257798
72373 131981
242340 270650
125217 842259
14823 44282
446921 711417
494481 970745
243800 502886
313487 343951
157860 438603
405662 555054
52278 372622
328139 544482
203523 453522
1680 197659
460706 512584
441566 538979
66933 122826
369301 528990
513126 673074
130776 187806
595610 943701
112960 714234
318828 535698
839772 963672
533407 678419
118095 713842
588902 721631
588768 940424
85016 88535
27794 817978
38390 687541
40539 106538
204015 820207
307001 440506
253658 844935
14539 101415
269567 710685
10718 60362
298027 434058
226693 666372
510078 562517
74196 516306
667984 931224
33689 36086
13117 95155
16613 45389
224410 298235
166625 777817
739481 945519
418472 828063
16584 86803
41718 76131
26263 91917
758354 911051
210515 507762
366036 786152
130077 937036
19958 92549
218896 575390
169232 176613
355985 853433
426560 532794
90592 787795
291941 971117
21611 783533
65077 215754
186928 859171
501584 901537
816915 877334
707297 794968
80992 111917
430746 698228
473077 604341
187348 492133
283843 348791
16024 306133
19910 394205
39129 601157
99262 238219
164151 343128
105542 505041
494982 958005
189770 877961
42463 45200
401748 432527
200757 220268
66563 405436
298580 619625
386798 597705
185679 650124
361948 792794
146845 516690
224532 460660
163767 179896
88743 146063
148552 837338
163037 791141
100734 490808
104600 327954
583814 614834
42687 94430
594834 790139
83243 286657
124 4939
67092 518771
79323 354912
69402 805452
418238 421164
635451 901561
281533 756005
379819 552647
19006 123253
14595 17623
308917 325289
83583 312939
66760 140323
147489 445673
121758 387881
232476 649498
833342 856276
473204 675067
434569 998205
92475 811651
76302 808652
48823 386003
361622 755694
295653 909459
371180 613138
28500 264621
466785 497192
20529 394788
221196 907573
21087 270435
294066 396651
189742 532801
111460 414271
56635 152193
696099 962310
794303 950119
10706 570317
324145 687269
247943 811357
152800 849076
191113 495560
195225 595293
41004 129710
302861 413751
413919 449929
112271 131775
459760 496010
378022 977117
74964 197791
35559 145062
410130 637862
240548 799132
309121 560775
410455 758897
461990 940650
254679 489334
101097 539620
161299 788202
69794 392705
2333 18615
936570 945595
100953 369168
68396 106124
492963 587790
429017 941698
59533 936241
366212 733733
137043 232674
84061 400163
537944 810499
377082 602411
333559 505120
691390 818941
327479 547139
756059 923844
171929 424284
45246 100731
126600 846289
145989 502483
6281 9631
200647 211679
771924 828999
400540 420915
70670 71319
248767 530696
691454 934791
102368 152012
127728 352095
77582 107867
147801 186310
161672 339422
687177 750214
359018 370997
21366 58624
372036 392905
318483 841010
340723 719945
71190 91124
42665 60108
463032 502339
103864 167333
2728 10058
155548 207759
590367 672297
106341 157791
62281 469887
16387 16677
287040 593156
136745 289880
330832 535174
362812 563909
250981 390727
189761 693167
209956 613261
12534 21695
664915 782836
366526 471438
296366 947604
230671 580600
617614 871654
175833 321753
21279 70989
378643 553596
93221 856182
72909 74534
28240 40432
378009 718184
246743 552116
123630 128528
82855 400956
147082 788816
50017 106808
184716 507450
606679 948404
103237 975097
43544 624757
32846 97775
46 14202
509374 930449
387862 710934
428343 458414
22310 71728
568511 601980
47303 878350
89639 249441
87505 909817
104717 219623
253919 419593
787 12409
86551 116998
511574 593739
148547 404850
253741 898136
547603 581930
33117 172568
668640 711567
52312 735887
536831 932964
177265 737750
18815 857822
115398 451895
59075 392105
53725 259101
306091 577032
770973 983905
105643 230675
132554 257493
513912 574396
214770 328599
529840 737670
56392 394979
2302 6010
939607 963003
359382 488237
60955 882104
35255 286915
20965 22489
87864 845611
89331 855474
99046 118745
895073 952391
361715 386582
299417 640405
874998 889892
9050 31371
711922 753162
183826 532207
256878 416853
3068 7204
843067 938580
35277 71306
8678 419847
8403 130305
343258 907237
9873 233165
8691 341822
72140 401532
8030 75968
134920 152985
246901 850469
9624 47418
298001 934532
1 1
1 2
2 1
10 10
100 100
1000 1000
10000 10000
100000 100000
5421 87358
56963 85349
48024 56845
29068 73537
88364 7897
73439 76052
66031 91175
69117 18949
57539 12114
94511 69753
88956 31839
46801 84890
92864 63122
48187 72624
25414 96876
4885 33159
13180 73097
45524 60558
84155 1864
68529 67473
70856 57095
63696 62721
69856 22762
46586 32689
18035 87004
20846 40491
64341 37239
72715 3011
46363 7942
96021 58080
92820 97872
33413 57924
41894 26901
77316 8101
54374 73574
63814 53860
76907 54444
34009 89547
62268 94845
99206 17601
38202 14811
88727 19938
29767 75933
99017 43579
47949 32889
76155 27123
91626 35691
47235 85252
4470 53331
23711 35748
40590 91893
5374 28636
8932 18385
75915 32894
17469 20028
32840 65458
19412 83364
60834 72777
24728 16296
26925 33811
62361 21032
57967 36956
63069 26983
41273 99035
9659 23724
5381 51865
28807 72226
22089 70479
37624 43895
17613 27791
62993 15265
16489 76322
20867 58680
95066 9808
22595 11462
60804 19109
17687 16738
9697 2646
79655 71568
74677 20675
35352 48489
79507 48691
52458 75963
44121 19663
31451 41606
60536 90404
73298 72751
70000 61945
39372 87041
24822 16992
11596 42856
44492 41388
20755 13547
9267 88354
33569 90508
97685 88630
36934 97386
21261 54213
42545 77052
44310 70805
78516 2229
14290 28670
51684 97128
90066 77778
1582 94664
22397 1870
68526 12911
43229 29685
57041 25900
29261 96834
67777 74368
36007 9922
75191 53197
20851 92008
98367 86476
30857 25846
30011 91545
10574 42726
5028 90662
73419 7819
90863 14466
74726 89930
92867 70435
51534 52455
18912 33978
62024 1535
75523 12675
34901 63215
24506 47464
29458 8781
75783 32159
3138 42927
27346 61239
5100 15139
45793 88678
74317 53234
68361 43219
35310 48381
35176 16535
23316 27944
16701 5793
55084 1452
42001 57584
905 38879
88327 97421
57713 8674
62198 73065
33334 34046
73724 43321
69179 38174
45079 14211
19931 30475
95625 79856
13797 38716
34014 66402
39992 94862
32732 61502
43847 67753
79425 72983
84423 16050
19223 23856
98497 96662
11673 55245
14415 17605
43960 53826
5935 20211
50240 14888
63253 66196
83645 95534
24335 63988
83518 95736
52997 81379
46446 71560
30321 54333
24893 83601
74129 62909
62617 18947
73641 34348
99636 60550
40117 14904
3393 36040
79995 93945
90149 25138
73811 13265
17326 92714
2086 794
36360 6268
15720 90872
99784 87381
27029 22269
19541 31576
94518 76843
956 67434
16494 10183
8393 30065
41671 52697
20837 12355
72920 67318
80 77356
83362 44334
96946 2744
44652 26990
10601 49551
50923 28949
88858 57608
52737 22341
50139 23492
34868 93210
1920 58094
88173 41982
27166 50682
36253 99248
21356 88859
97253 33502
31121 11029
74553 1473
20578 91133
65714 59952
85406 30131
5263 41223
55542 7020