1 1
1 9
1 1000000
1000000 1000000
9 15
62383 519407
43823 327979
884033 59351
660360 499037
991088 181834
492393 158984
106436 89193
67129 914221
342088 960449
705572 846894
653975 549981
963133 529059
52074 702394
97901 996981
90780 499874
556150 302557
76465 513582
638835 169471
731747 349667
871668 866249
234871 371345
171958 289792
220863 893938
525023 521886
499994 399123
864762 193951
258631 211484
225549 622651
422922 724529
959904 83893
435984 550277
962903 114763
273209 703292
739437 672559
386746 217323
59579 253894
610899 846967
599104 886242
991375 442681
733545 666429
319741 27807
246426 277219
580013 315026
179015 908148
604960 19116
337847 2562
826766 986351
569569 51454
295358 364613
755161 373082
164760 863164
247187 534335
939212 44079
83944 719570
114059 906972
571528 381016
109578 576017
945528 294373
580838 693706
468196 931911
38703 162125
616682 946395
612835 392403
579920 918331
407682 597188
199842 333569
164941 498234
10050 561060
199724 958331
270543 699000
624136 131158
748830 963374
683883 25177
783862 983446
79048 98316
938071 925263
204693 758653
786875 272945
941341 175172
715064 118588
193408 184029
840510 452748
876776 916742
150287 258860
603240 951049
685404 263857
46034 957990
503865 614173
169303 83040
706595 235312
787226 164754
196266 48213
72856 334520
604796 259396
117602 783724
673479 841492
63063 843770
801145 718642
105547 958352
91888 142892
348831 24452
143941 772397
188140 576977
669643 443850
33157 360169
756605 550156
217612 211760
505114 168598
356779 865696
348483 515535
236530 879638
889241 617460
773660 187311
477895 294339
13872 413107
858762 51660
581725 969759
216743 420905
785032 298511
692501 223414
763105 67951
539565 69001
333778 294156
384551 823097
319797 887245
141049 489128
519117 666146
116391 494791
226964 610391
921116 563954
550052 757442
689525 361381
784513 914123
297436 245271
435264 804060
695798 841424
848342 57684
935526 452233
658372 263205
260954 133098
91902 622708
683068 383838
551012 942877
303587 710324
149424 55403
550305 387271
134005 370367
17511 339275
310610 139361
427351 891869
862322 999704
631297 366841
461069 278272
864564 413874
933723 484570
558899 374695
367002 658505
849754 293627
282185 493622
899027 339901
830808 99637
114998 88752
478911 983766
592499 463262
668430 643355
991680 633518
75039 552271
371482 111124
982329 286464
581627 475469
825798 293734
301588 248873
164923 357353
62877 866772
129667 954427
334021 884411
900701 600581
673407 905993
681166 350936
764409 328389
13032 118942
244410 808821
115410 260239
93928 354664
227432 342820
220140 933229
974265 32577
919070 527704
506041 401533
324407 511855
519022 699600
127195 55350
93003 916427
812771 292040
112007 401712
958733 48896
293525 724663
146468 60244
352539 368918
651569 60041
858328 673299
529721 978097
760451 207987
23386 291250
624111 757676
891091 595815
984398 870581
346997 700571
610299 957366
107037 976569
221435 395621
430305 590141
155487 252109
137532 503416
455453 276561
767321 185314
486928 812996
186177 307675
912316 75782
421092 607378
943900 540516
502 475022
603042 102422
601031 543857
532400 188421
888377 349513
212770 357054
768941 990451
337137 337015
402959 667917
715996 803167
863376 298089
729897 18809
283253 611760
777954 179659
189708 189899
438828 445628
630683 607380
28451 798299
815225 84782
282716 269050
274258 764921
888101 737573
877284 573412
106076 211896
375696 138550
96205 637337
274894 6210
595542 913548
825119 348025
794420 263452
514826 975567
200810 598014
188880 247654
18740 62592
738990 782157
552188 465367
718333 611874
340106 642447
795319 213771
802718 334519
521155 691222
552149 106560
659261 907719
71141 4265
137084 631637
701734 750495
809665 921883
249486 626944
271026 572440
56491 842863
742104 785641
495289 202100
545378 615537
334803 758605
201916 464218
175213 963126
615320 967144
194827 195118
692529 360820
253862 846530
530320 343886
367464 907268
979319 941024
918933 858423
390159 981160
621253 736651
859239 92159
18531 561169
226504 94761
204371 300892
637502 971544
71005 626380
4143 816278
824686 280382
227988 334744
444071 446397
952453 278977
818386 925796
835876 885979
889310 174859
748642 52538
436533 11961
560436 341415
592838 703631
501739 243776
664404 113559
53686 194710
399806 374471
593398 405451
358960 208254
314792 939148
819460 847142
454668 542140
620036 443534
795798 191256
471638 2104
323907 322192
331985 486952
484156 180865
326471 180853
947584 722782
90758 567599
953485 411691
153592 452599
247972 88943
356580 525685
411675 7722
415015 133692
853052 364570
800195 318284
943642 964051
342442 176703
615718 188936
560179 612257
954204 698289
854521 434511
531801 973300
295681 602200
205192 383938
685015 923635
540255 765920
617952 73109
715486 690659
696647 535589
432059 477732
412918 735882
510346 230887
118434 109106
603985 404890
572936 253089
694251 509460
776048 74456
645381 835214
387708 58574
326668 600139
656575 498240
596531 253297
349001 25980
490356 450194
993904 882089
118256 359393
369940 62737
290030 291053
510104 658146
751421 195833
229547 995316
419783 787435
280307 264308
723113 322372
961229 895775
925055 723387
334594 50678
679626 934484
374520 651389
845475 655617
682299 445508
73565 415981
11274 41232
26764 232994
770916 448622
776451 592403
390788 836676
970815 692662
729355 930542
197680 611870
989883 942806
299038 875684
302931 687255
715598 54817
421506 927668
494213 367310
309380 195054
219463 269250
732439 313463
971386 895547
188145 289128
159445 823342
382848 119423
950159 808457
954822 866712
709005 247198
623509 860913
528747 399213
528802 163137
803104 693908
371199 931195
718853 35661
46659 335043
915482 18121
327993 945658
437028 327724
903580 632510
296227 970844
517038 708215
564887 459927
517098 350848
600564 280538
336783 200510
867549 837967
855855 797225
713256 300198
428374 338343
846129 646864
549257 276012
441625 250724
597174 984209
29274 299185
964151 179429
886955 10329
878970 591294
37857 22374
744303 934475
799974 529197
333964 124826
313348 226760
251798 213975
614101 698698
814104 712606
21795 47663
84765 782965
679795 561297
852056 756363
287926 48154
677701 961818
122258 871644
482777 238849
229187 650339
690595 275326
798511 746988
606292 651271
166798 258000
655043 700115
331841 898680
788187 125376
564082 958869
782940 642288
999191 612732
954796 637267
446614 696528
195848 570289
620778 358680
448966 995839
615031 402331
73831 435282
422459 791661
981161 955400
751435 796712
880787 209564
36183 713440
516626 166137
233432 89367
875601 877779
676512 844240
731931 950037
740579 94740
964152 929274
473479 619831
226340 242351
588125 674643
571676 678568
88234 46813
774070 762342
942362 316955
227263 242508
275685 189397
725240 339440
326169 765339
928647 797563
738566 464928
986784 233569
789942 396615
257266 455167
644294 459291
440809 528928
492941 229026
498180 516611
741526 624561
490092 647590
692829 782811
441086 154274
499376 452446
199329 474945
199641 832401
700595 377774
465214 967383
503187 917817
387876 243251
999901 46306
765141 510467
156931 66228
577167 537375
907446 354180
908306 236274
698860 596164
564818 608730
5204 530352
737815 224070
769458 573838
940393 314407
307966 912122
790813 572114
358953 534882
103373 953840
765062 316019
877602 157047
825342 77260
848631 314651
816976 819946
159296 592634
46242 747280
854580 675669
381788 763188
859939 440625
171231 394353
52100 21949
866671 565221
156465 274386
494992 212122
234485 137452
991618 941908
703464 802102
398923 109368
933950 68762
833790 354428
341631 245636
781780 523632
655379 542338
543024 472002
629740 609124
439626 40348
555764 85036
109169 185738
652547 279041
483606 772539
698939 930409
277735 939932
794607 7067
542450 638015
603717 922637
917841 650306
880640 137862
788733 48014
350336 430705
851765 137645
675011 392900
597332 152351
986807 230224
988563 350716
569605 115422
535263 288299
984053 714050
890670 581898
675365 81295
766494 715078
14473 377178
411252 184716
650091 942742
281779 586195
37951 852398
983278 856515
471504 11030
175089 333246
981901 93104
457734 452436
443421 648646
932647 666953
726479 169564
387927 728993
335139 349099
751138 247672
744298 556939
915076 387732
525475 10558
15015 747031
227239 240926
2645 497460
422054 169546
232972 536312
197727 215126
123511 711086
827195 587882
593111 130693
788772 90339
250652 669264
193930 221684
945842 921230
46405 74222
474762 814211
154267 706516
872597 448448
317454 597328
96363 158054
981073 609550
608948 531003
754664 568849
105660 473668
10767 832537
17515 762658
241413 581672
858854 384005
323245 659483
501237 255485
601635 345918
197183 488347
902544 399792
100446 976313
48922 71642
23005 395928
507946 812053
894319 866602
800493 428871
557134 722473
919759 913836
905702 849242
62731 69442
424749 946167
975864 156302
198378 676415
458709 962689
862323 932990
552565 594657
758903 465026
889729 177692
708099 719290
341584 149810
643764 502951
191819 141349
104426 287921
300109 865152
815727 847057
71423 396784
750453 422375
761994 341054
730410 891307
737437 547679
263681 143326
581198 396042
731068 360002
233783 109614
497407 812647
589146 149674
726448 796640
480547 481740
304674 849868
925292 268319
297406 494399
407048 735832
785839 26870
463693 23335
582938 831634
66814 873603
835057 23269
187994 503541
142347 614758
589433 178335
807599 384526
164510 601956
515381 902948
869663 636168
991051 554295
111524 737460
776438 161468
897141 331908
692823 51103
755291 334194
787052 898692
669453 374457
399202 50517
93183 886541
8187 879116
58848 777802
258966 647599
669281 995220
763428 608927
350534 405676
94920 686151
422063 48446
303035 61810
998274 681390
609541 71714
334901 682174
345286 804294
894712 276406
206716 339070
787971 771174
997386 714314
327832 121576
431508 422829
107138 110930
451733 758503
302843 266662
394875 609762
38429 983647
497466 343292
432606 911646
193491 769401
530102 693077
467619 628178
963657 76343
574366 42345
228883 775185
407621 107210
260604 436443
311656 883846
136804 648811
622185 459319
93315 263047
151122 775784
754122 297519
115116 699392
728459 308119
864472 60816
615534 358469
36443 21671
740955 197579
725852 731326
568810 329507
13350 170829
961750 449013
962590 502146
560571 252868
290053 970083
903176 887718
108003 219337
956037 799500
764395 51648
376844 92761
736668 255592
729538 305081
491636 745105
596426 59545
340162 548839
327088 46010
103920 632864
307568 308780
588143 365515
956681 965672
908514 520164
879460 8300
834033 490781
307333 168448
731690 352561
540925 811883
94318 826798
53635 337855
540035 350784
225671 850352
350711 602441
24933 750292
277857 425426
857936 109158
403284 246436
359118 968876
432824 648365
911461 152039
844432 162369
378920 330564
764461 841500
921497 403943
107054 996960
640619 257160
232152 90528
21306 828783
170584 585608
218100 465220
144598 683660
2096 595126
986763 713356
2241 489968
263362 235827
615422 582085
618220 739364
98704 419332
743887 120896
827020 533390
194624 470177
877935 959051
847636 199661
246490 892888
401761 106916
192631 251071
795237 487797
711597 124096
788636 57227
478329 987527
228931 850756
466391 344106
164246 88177
826607 797806
387878 767719
875254 210379
257301 1969
617524 309338
633481 172672
717148 864202
167747 416064
155057 176659
552261 306781
497263 134206
514060 687274
64083 194663
717036 974760
341699 380820
457615 182979
985589 717451
236095 747318
751559 674633
721059 578070
683920 658680
667694 339385
611639 822236
392261 102115
664533 974517
893662 65483
82089 124498
93009 795390
855554 827410
973061 601381
584257 199094
983432 376894
542094 469601
241540 476502
260008 972712
959127 913501
461123 279393
916630 700318
391412 690566
304188 108685
538161 2213
414067 660519
461453 972875
280688 895718
280141 271380
443048 115997
395820 118266
601917 371735
272320 686757
832492 324872
938802 239164
749706 157063
566831 191669
474864 358418
339552 85042
404234 31536
333524 393257
771419 289407
537083 149976
165118 532076
188950 92120
287177 191913
880574 426011
584880 514989
921749 339036
901842 340094
66839 974224
704773 113292
418518 123174
671966 696679
939643 530761
78601 56278
563560 826545
675751 435179
345213 103725
527250 536519
145061 338795
565279 633585
817960 554683
286489 267538
552948 379814
796168 328131
89259 62512
907523 432443
95531 822836
596032 568870
191304 756390
818762 675242
427874 741571
232515 909458
735155 464704
417785 763784
681910 691114
362733 603867
31415 202532
324658 866358
502054 482991
394620 58071
263001 911218
70098 13703
431585 365650
907074 558233
821221 831639
894145 637908
434615 251317
152143 943152
937444 670685
372422 774196
21687 445971
854942 873308
87280 846405
168516 221273
125287 599819
36952 222352
622065 319347
445691 763348
613411 831035
990622 341909
875161 841528
691339 215663
484818 956580
13563 107756
987217 159352
210991 904591
399165 923550
646229 936286
751828 173083
304497 954346
904831 788456
13933 799524
873908 768157
705002 610780
87585 906137
282309 52089
432276 526741
397362 966733
620385 831442
889514 989577
5028 949621
103632 564311
815726 18434
523356 129452
64632 265177
552962 933281
587814 526802
586164 4136
354140 656050
55853 448963
771672 755641
108865 127380
870615 402671
475414 80532
735814 684908
263378 753872
1665 826599
314857 778463
173977 971519
665070 746897
642895 802113
929809 874753
16793 300946
324598 440174
284669 861694
395641 156406
80877 34110
585654 982233
506040 415854
635150 777313
100502 922892
757195 688822
536832 2262
421162 722677
940619 47866
982909 87756
244774 367740
39869 404202
713665 842870
127902 239640
639022 543502
386436 218465
675484 835558
304075 563241
234257 306569
622675 432559
722545 398878
378451 795653
544669 396281
772448 993898
860969 472710
7639 387580
431748 379905
