934275 533886
592073 792369
320194 387880
363774 820759
156249 977902
868746 872004
586689 190583
244656 631960
434765 805560
597215 337096
497277 273587
971547 603649
466181 390861
117695 848955
411183 836534
839409 379907
197507 518638
387363 842140
118240 490606
520125 35013
482286 618859
478811 9030
671027 372937
955452 968494
464107 467895
639488 458194
407974 89362
225434 261362
422063 897258
502293 298535
238917 940808
240466 706291
78642 648108
464751 704513
202947 310054
186748 217620
723880 319173
911043 951060
677198 406666
982203 461954
327916 824139
559000 313036
370522 94125
227879 859347
25309 966101
375579 186191
424048 923178
645195 348043
470411 764225
257984 971340
857479 46346
800690 908473
806454 615143
218909 695188
464455 478328
786615 650911
265562 287090
700974 479083
839035 250317
631235 930162
672696 849836
635755 783418
412202 190245
742657 236592
343861 890966
792425 41478
599343 644567
320276 836341
215452 767233
731975 258977
601067 252268
796451 115151
871871 96130
898990 358947
961222 254277
889347 317224
221923 336570
791138 780219
465142 641627
609615 29482
232542 731750
651691 69240
469581 772102
335371 666514
266754 956050
983426 711178
926108 723412
464562 820339
360055 673375
334502 587787
818273 716990
93785 814698
847795 382192
102435 357400
940130 446315
494898 881932
512722 654869
621046 804331
404041 829666
802350 398534
691624 363169
451025 886710
598420 798267
141499 298970
181655 479943
598238 780495
201977 34633
380214 68663
349695 411311
214159 805364
737782 964867
246200 524865
815949 620818
953339 664015
159857 729452
102749 964028
425981 507412
206924 801518
55368 190280
166783 646027
519483 362442
960061 623941
55255 759148
842890 660112
85980 284070
804951 456521
322249 657977
972312 235196
7386 715736
982698 757032
911175 184709
780981 152313
694753 390644
879873 976636
447135 682158
538338 943148
498956 817828
137093 367547
581288 422967
110365 286042
437310 937056
784368 886369
716242 65417
399747 684172
849620 780363
308322 27425
195510 588910
745243 159776
304148 670196
255402 492638
296650 825969
987142 414755
189752 215367
445185 973726
409641 749179
382029 951449
528035 507073
2385 541132
142813 745761
459482 288950
100928 792947
788446 62624
816859 182140
131027 538843
524874 374274
245380 867256
432109 40403
517059 549875
204120 999258
563282 182510
960222 251116
621769 997689
308362 710604
837902 80784
538220 114396
765889 484863
401993 146756
588388 429217
595282 830044
406103 737303
52914 215941
748695 710752
998505 334895
244445 129447
120892 373715
306732 35034
442842 908866
509612 450066
632450 460466
191045 887952
109381 666994
802836 491183
17399 333241
829379 350551
11716 378314
409496 594829
393880 891394
35368 193367
750415 810891
898549 16205
420888 354725
792476 101780
318043 244591
441527 745718
388912 47276
657555 343274
848322 572454
951463 212936
635419 306971
100649 93809
175387 813734
837243 208180
689307 248325
291908 114957
257976 358855
728103 307306
188239 408086
992356 734892
916060 880826
49171 55648
505683 850351
222623 636259
11609 206702
625712 994366
523660 730524
836427 314453
661483 123209
498804 815840
168485 205655
176591 771245
328180 487551
583998 410147
524353 594807
934295 424952
296480 597481
780243 673496
677214 886905
45365 177947
974583 10273
951666 776672
12820 974182
875943 651062
661966 496864
613546 396589
533337 375841
328175 986359
81301 873990
120056 903177
452836 417943
523069 574558
549254 720592
693426 469650
595321 479949
669637 363166
867138 566874
749158 450605
861283 655931
805950 867357
185468 730292
726899 61409
425932 956786
857738 21391
964082 725051
343531 29736
821936 14528
123654 467617
167655 178226
616041 511293
553017 716542
11831 279522
876364 117771
501236 140735
313403 653175
161154 384031
991728 368607
722 133913
967267 492011
650512 907553
697600 668342
424871 558017
688246 941042
886583 505741
184239 33805
230350 701604
628786 227701
715029 63078
686362 942898
146157 75168
2523 573047
258940 823560
696646 467689
301538 416673
78932 723859
885180 607287
154773 964149
268165 899305
956670 56702
115574 768539
630096 409125
486142 360863
242581 519199
915309 998171
100017 267015
668355 364400
479057 395798
311348 385837
46219 127719
472319 776021
277978 278810
146283 802216
876819 610518
455902 319985
509395 904342
909935 312387
83511 107683
535326 579468
482073 593007
723243 643201
265964 718256
299502 164538
146619 409771
174312 202411
95 535946
267886 524020
743408 264985
794760 770066
845510 118082
330167 524193
657603 662021
111482 554793
816790 912201
345355 607860
994831 665646
829212 797169
118628 134270
735972 803581
484411 555701
767814 213725
664728 303455
444895 482446
429134 674786
876428 617674
29243 68321
59561 645666
491269 538784
961727 436857
869153 587568
368577 577659
605258 77349
629119 800526
883209 618728
73464 639332
101923 290789
100809 363530
220418 120406
545391 98047
421571 25336
405047 51123
311501 352568
819237 219147
74238 871000
126963 780989
516244 412541
150396 21166
45355 125451
1765 815923
377311 502773
211907 53575
468050 615538
444365 314572
376498 192300
101812 345277
120042 340216
86426 415494
607183 766950
312385 541311
357114 181735
16393 524023
891812 33300
668034 134812
219750 164079
714417 943047
987627 54098
371477 227781
405561 539947
939114 536916
873207 216806
101319 836053
616185 831636
580099 655430
278698 940053
106254 983298
774712 122515
444927 573891
764724 678349
271038 563860
677129 773368
92876 221952
193989 839183
465378 4611
189782 162085
521422 160629
366466 462499
355492 654737
585504 921287
377202 25039
617180 663452
649263 942190
493500 140232
96876 524858
574044 974540
241080 24817
276402 475716
836033 533567
256530 955429
954061 606938
633350 352858
568337 504967
1863 517041
394205 830733
224559 656989
593389 896417
934164 450302
582094 454550
17002 621855
90655 637156
648712 770739
931344 660318
338574 210451
856647 982518
722821 948783
66216 921000
623682 610331
808851 213
6755 536508
73385 702167
760439 668558
40102 381885
914865 915046
661329 654540
719412 985080
251802 634522
516986 321632
657519 180629
490231 945819
774718 955584
356303 781545
562763 991827
589823 892116
897089 237851
565973 587056
698621 143169
427637 868107
623866 785754
368414 31581
694639 511175
753327 470472
596667 535941
256242 18619
856509 938888
710855 227511
961747 467362
957689 42523
930141 680970
989253 624614
882144 708782
68777 183839
137509 981618
558016 161037
231347 944001
693978 634313
99029 174080
313813 280194
620566 450220
280722 106680
404865 278946
596616 650373
688173 130757
552959 97670
102401 162481
679154 640944
564326 196474
260873 329771
165144 155923
912058 268122
61100 590057
470435 971995
855567 224239
862228 141689
622572 611435
613928 427665
725136 850996
358325 16156
488447 261718
715807 413600
29624 613129
942995 869960
515388 98611
153286 912940
648825 39374
682812 250434
738876 856222
552874 28044
432646 638540
780481 481884
210499 761572
218852 319670
340962 699090
646644 542755
826824 857843
697046 850261
49657 784307
737435 282205
705605 720737
10147 397666
964196 716777
735324 199381
322218 533970
471125 501536
841605 727156
294853 361904
544060 832366
373919 194225
777944 671234
575123 591867
670558 135942
100110 59572
549651 955506
768235 502680
206699 464818
767355 800306
741058 191226
660749 134114
386064 493600
583286 496138
420751 196168
212301 921664
506832 147488
204162 383793
723337 477298
48525 619009
758059 721638
591300 69332
253571 370688
346969 632460
968405 153114
610118 508389
937784 824823
267456 508423
150827 693822
355133 927021
138322 821035
942027 30378
453952 540519
22633 712315
852038 640031
806474 214485
406825 727884
994035 747084
995321 165538
19826 736399
475728 882736
540273 210873
567574 635934
246102 992936
74787 218426
199237 870149
480315 430541
734391 939400
574605 139260
504350 487435
505568 661617
18858 701002
139119 122022
298034 179739
233700 576687
339225 23113
753902 102556
270723 204490
654052 651701
322052 545569
111994 509075
312568 95570
370332 98998
569619 297958
788592 201708
424983 633494
577568 692580
857292 657395
643358 982429
926714 7725
676882 251640
993447 164632
88903 305674
122177 72427
200629 91176
588762 178180
33519 632680
769423 576778
791889 733112
961491 955476
959865 811549
569187 531051
446986 692722
211284 288541
984723 628755
881180 995139
592247 556546
655682 316866
58879 957937
88145 516654
527415 218329
858777 944355
380331 629198
811616 833679
894120 760830
801442 803258
817018 336662
22328 923890
690297 215278
239385 614800
303939 635600
419735 319800
447908 802367
534953 4368
483461 776218
310953 417448
745765 190952
856921 371923
517305 343486
358617 906940
888969 399410
780571 870012
565474 919355
340269 887611
263573 965794
215118 300591
639706 24265
989619 65187
718392 547158
376039 841995
31920 668860
15099 900964
11994 222637
960528 703629
193763 336686
42860 643241
313110 961005
586778 236314
858168 785143
281712 75352
326658 609450
96843 531604
771614 869327
953632 724252
104568 251698
947200 510129
84011 716818
915786 896050
459787 432886
445908 662353
201325 984793
521235 43166
845114 87664
228869 33683
778464 600194
548300 390578
108349 703031
385684 925342
406976 701679
770205 116855
848 542855
479144 938992
159816 752746
601908 506544
545433 142831
605793 282993
133443 993001
769126 228212
439945 460877
262473 159795
573752 401061
184880 864828
135876 134098
832369 277988
461682 467718
203008 550013
384880 232572
391287 429009
415500 394587
147153 22978
730258 183136
634000 845982
292879 798306
749178 718754
787888 501340
558 793357
597487 251919
159151 967143
640786 84877
420315 145753
879251 896181
749980 888916
593320 680010
455827 14354
244010 983207
261427 10780
759174 925752
299120 880204
908046 215507
795766 649663
240386 188615
859962 305042
894203 644069
29023 48555
708593 297086
133351 571071
407306 718667
60087 350765
335037 910092
138743 715612
183457 671021
683393 923854
956469 20464
269804 991651
461465 426728
79951 893718
304363 177654
925253 156688
500597 14949
228067 598343
321994 335039
763761 247571
809535 882950
691997 775276
976425 881896
20809 156993
459042 29093
356053 558577
705118 565626
910278 932700
464642 202884
834757 379035
517943 765918
502828 530654
911847 174355
927055 746458
215126 93589
484269 240956
936954 740565
141913 6146
881890 704564
380434 470177
908400 344594
254047 210486
502386 648449
131246 388097
702535 251523
420668 996198
361686 29042
465622 508698
146442 49932
964593 452936
665062 997219
19597 647757
582498 671437
720594 19013
278162 684066
614155 153807
898161 420034
47095 972464
889458 58216
940218 372896
162721 69772
272213 123217
64747 821046
572252 904694
987699 134505
947529 52271
349424 898455
193882 401185
938023 241484
538376 762659
854612 935402
958971 71545
965145 813316
276983 921317
302794 200778
261053 270517
434024 376145
588607 489028
683280 281366
22027 779509
276379 387558
47097 533398
372586 176282
961855 444385
16881 794278
935175 837344
501997 372778
712025 188516
977579 776104
17508 401718
894670 212902
932474 8751
466561 188950
406453 583213
364602 314132
164559 200701
87293 423081
696683 61217
322659 472851
292595 603745
387173 779993
612898 400935
210923 88115
191018 143990
427207 158472
908602 160608
130833 440854
932104 742890
481275 275205
144926 845965
898103 383283
611971 465994
560661 560094
526750 297081
850222 41211
843261 726895
32780 579456
125824 458960
242552 130822
437020 829101
945031 585952
497476 257828
923189 806410
830935 589364
498991 583456
77825 776917
671594 868382
246533 149967
189765 112184
330078 231987
554684 594648
933852 241750
298416 264848
322347 629390
964202 660324
637352 957106
650726 970146
208929 112444
233865 858613
486164 652860
66174 922547
851613 273289
862310 264948
378742 770594
370544 255656
894985 949263
532936 628601
926667 51127
327337 324326
142589 934081
187469 580264
625446 845838
9087 879002
480544 231513
814419 429623
937146 6480
330417 745066
955297 856885
684269 190054
427644 442814
354678 484441
801096 437059
881837 574027
928971 791602
244591 798009
262462 745375
351009 314816
670803 26695
241344 834018
774613 773164
304176 607623
915595 429971
761176 19458
794578 48742
384165 791923
96237 789123
651179 262043
866512 697084
792978 813727
804210 704713
592308 54147
698681 369419
119614 543290
24292 191677
187152 684062
566025 608907
398037 657026
670479 522991
749625 345145
520591 335362
32037 678233
942158 618811
664225 814600
107387 627439
742865 251869
54193 733002
319552 635511
372485 101276
105054 310898
307593 18477
636477 207663
229773 307466
805668 170758
228068 254294
872129 384189
361642 396784
956439 727860
937716 961951
749597 723248
795742 885080
620484 481675
687679 343293
587427 711733
418560 141209
872852 664744
901401 467110
233182 708219
735304 325969
384270 840128
518095 464751
547325 9176
613008 499594
303803 21439
218004 52246
552276 507735
778150 637892
694939 326920
398265 570123
918549 335139
552911 843349
133328 154147
871647 197841
635299 636983
933191 82053
787 207366
355947 729614
93449 468287
699883 55825
767444 228589
193402 286772
239055 259401
14414 647287
950653 544610
753960 18934
689024 931410
707134 888040
153658 105890
374449 617785
286233 944439
478394 517415
202190 894795
224340 852368
867 611463
787323 9138
17345 320826
836803 343538
759491 674268
122141 782939
227800 202331
829582 513332
380648 727008
811934 109133
918303 192829
602612 372439
790914 618851
613766 528256
347782 233719
596539 371552
757723 696566
202726 27308
967848 911714
593941 107908
575783 444523
174044 391435
303141 395561
171496 878373
605804 570864
872447 562151
916845 78981
90279 174102
534053 742264
939384 378489
732654 768565
237244 162825
640833 238630
803032 66978
693888 437268
