258391 989459
508489 516140
145435 997824
371376 469547
823671 260064
953520 302126
289654 256080
508058 601506
900495 963235
362161 258234
572902 600465
220365 802826
334671 221635
810036 346853
74308 205564
416144 15564
274820 482059
463583 389366
843919 127136
49707 991777
26331 579850
756900 41007
873432 89660
856832 386763
459631 929750
608330 625532
307018 720803
98552 896746
577023 139463
840394 281548
182697 827878
715663 301110
801189 870948
618524 777265
470573 99162
338516 364234
410489 959838
58574 323618
645972 280942
249634 581054
511896 319798
33060 190508
442058 102315
526551 172363
271851 135718
374202 602721
332744 631785
24340 92207
243145 387435
195692 287491
208645 421445
908350 932247
360747 82378
604648 114191
76028 875947
284404 887544
877948 804003
728765 722788
956469 261375
3369 711646
121946 143479
371078 865762
455070 462955
981246 329748
190234 825432
668197 944008
841309 227450
126140 273642
708545 912901
936950 49644
315926 467861
107746 654256
293849 537169
146414 918554
857941 9626
243001 994512
197370 627031
444744 788223
793897 15362
9938 949444
495191 997847
257549 337642
397230 536985
73162 761683
84424 6963
120917 81677
244935 931809
114465 906774
244736 8483
725273 331378
891736 914487
753237 30859
697682 363561
52565 714343
381135 581610
80641 97946
479398 940983
768985 576466
153481 712980
166232 149080
987063 133942
590266 620030
25842 325821
162051 271764
214391 609569
842512 410634
377383 112533
746705 903116
174687 101745
239350 610289
671492 453342
907886 685198
574013 469526
429700 929925
531157 239817
62223 702090
59535 557188
93167 82160
427773 281053
395776 262268
9616 246053
845567 257877
797763 294115
440928 1989
909273 175852
715469 969096
997808 431812
845454 153068
782545 700698
590498 469572
882913 727471
370990 864647
940798 409454
765330 457874
214270 854822
343587 298746
54215 821418
273541 669923
193923 16542
199744 612209
566081 242922
866958 343087
816901 466893
774033 835783
47657 469389
156631 587806
309459 599338
914023 91767
65281 839520
177564 481478
151139 36018
976388 359002
837010 572269
934638 348579
423581 977351
698161 799080
813053 425906
78680 502688
595624 207486
612447 817584
440995 269023
733988 747955
579067 183294
325755 269309
222798 955191
511124 458186
614088 418699
315101 889358
663059 583107
215887 814312
257652 944655
208133 492114
293472 709740
375082 363063
815001 175827
35477 862428
598578 994359
535276 540615
378224 438017
147757 38362
677055 990025
797305 166192
662382 597354
272088 218758
592964 835966
106133 465682
146731 942273
505893 661267
812837 442135
445616 904198
217522 631737
439575 290279
665076 920403
448827 744802
960194 223719
639262 908114
960326 772963
808756 600092
587604 168852
589262 566914
462739 223007
741464 807678
493862 354363
426235 366462
294879 898621
802782 52171
830638 645842
276558 290135
675237 266698
232205 120593
55018 597836
435928 339310
116195 700983
966126 352473
548810 223476
231292 972282
346877 355857
766165 184954
906147 620681
602421 658077
336452 835937
913926 350114
924202 778218
822628 74094
972202 617488
311977 783042
431204 932357
945617 353512
747951 218847
836260 130574
548118 829176
992442 684773
951922 679016
287109 957934
24030 169833
480206 811911
715253 123016
767606 976163
48475 500846
597455 812936
278816 479938
277891 757407
320595 6435
326508 732693
951388 638433
557631 315375
36859 87147
177664 20459
377738 372779
208817 400912
74470 303278
10590 562067
313453 121389
120024 969779
983068 543186
186461 229596
500673 736601
732985 211310
970665 121925
60717 163285
280166 437363
126984 362162
982145 858220
726094 470912
19556 533417
637605 151818
771011 497629
102327 364095
26537 369657
783094 469495
150463 990591
835171 105095
248542 178363
83893 170622
228733 422815
621680 294025
769283 464253
828752 2576
139918 341558
988539 840616
159742 726540
109529 507128
795131 929202
671691 163201
572267 438957
634676 249457
356993 388320
316678 17426
630771 400797
149491 261132
739825 739917
634403 921249
27103 218709
678630 404010
994975 714659
293781 267182
560433 241345
477019 302878
249528 967017
577107 943607
532429 866038
338573 469160
533827 595871
104314 814948
456863 361376
792458 722840
932609 65560
862311 486949
889156 174681
773918 847696
686248 892186
933309 751078
488450 451983
741571 743147
243232 239059
425539 402184
609303 290148
572855 631976
505904 113887
128567 983050
989181 30885
913137 375044
340375 363424
3015 465519
379132 376088
124698 990093
354753 360336
694501 142091
372664 608888
524 175450
35322 413847
228141 518411
620227 958251
845016 779974
621630 25497
230285 642062
191147 548870
930086 410828
554856 72935
168600 700100
19646 880225
52176 523815
36263 725540
232323 36590
792742 973965
588153 109280
368533 655861
943829 391540
948070 611490
287083 115483
835171 606457
517882 112323
160254 962037
959695 319769
782000 658998
639968 857939
39200 112988
942105 327257
542427 103741
960704 614157
983486 291636
460325 402959
158648 312431
593568 694259
691274 724346
604155 281312
71662 79122
119032 833180
672035 841677
648165 865904
945008 856011
525080 366019
708811 7652
527247 127151
853741 673030
958015 408036
353912 166265
114082 291813
799687 460043
721329 169034
861250 94890
211591 951776
347961 599538
777310 795874
550151 904555
3539 686207
55192 472970
23096 971190
756241 550157
343800 518292
101778 256928
267437 190111
483715 347542
539074 26432
65618 505239
163140 991449
444742 279969
90312 128319
322796 665764
192721 472580
793343 167815
612935 85605
317005 806503
441823 69971
533928 155976
819325 375648
846695 889871
714539 403613
261940 109291
958594 92279
452323 942704
58509 893178
853054 859617
332932 827035
521703 30666
836018 479346
256825 89869
360029 530438
642566 785160
473993 420523
816989 670793
458883 61446
159807 645534
734250 601706
76941 460177
740933 747793
405847 795224
27672 772769
803704 391293
794614 18906
648818 293680
388790 671192
179451 469563
568780 486585
971485 833622
154851 841136
316532 638592
219763 191712
258249 64832
75559 430930
996138 398928
617422 435990
800705 627079
521249 548304
244350 946681
620511 84135
544393 465021
987213 921064
572304 876544
675663 512165
580925 722257
730517 921890
679779 340100
907287 923143
923294 63186
421893 616293
536634 426302
217803 558025
269585 376660
171185 333076
582171 649527
946939 162009
109591 381218
945496 72857
207017 422818
148727 523179
693234 918574
344931 125007
122658 886486
989293 8147
758958 205279
879620 915225
887150 124988
981099 213638
856400 392955
650905 865333
145950 327512
157608 972305
818082 537803
362118 48648
214392 45561
881984 572104
941020 999089
88039 815956
299648 932346
226954 41714
17785 821662
632943 667694
834488 220096
50737 326481
238887 595456
141689 603177
653260 845345
441948 176373
358536 876486
301327 159652
643097 466609
316195 923579
759974 282967
845495 841683
521259 723654
618404 797306
343734 883496
624839 260821
472386 615031
855098 127312
45009 885472
253845 294929
483057 734564
637576 899876
853758 789767
989867 662149
900423 31513
118448 602742
696437 870025
686323 493514
893925 439820
241461 207813
91730 477769
874841 884857
428112 709412
341602 53201
703759 446289
56740 783611
427720 697210
844698 811704
469697 143174
297207 577239
451523 503441
153103 500185
708531 868175
278154 973863
324492 589676
801932 207948
912068 384742
457655 944885
609365 503048
682765 332552
52920 888373
594272 153107
689925 404214
676517 288904
350847 947823
134884 950798
712521 973632
15596 247872
689232 229956
850934 227080
146040 273643
758955 905899
505213 726792
806783 665737
33655 243686
378967 209362
98014 318208
74053 361951
714633 501442
462998 950977
443166 279106
511285 30745
575244 290627
404472 98980
138392 570983
145771 68254
555333 840
578666 446950
793470 725355
152330 402429
607440 645129
227862 210673
102717 254044
549026 151431
25640 465654
828671 947243
456546 515088
181744 413117
363918 238362
506712 939897
743833 156302
841901 661637
976122 993861
542713 194498
123533 394040
156949 370166
1905 353375
49278 544242
706538 408853
793104 416262
148070 11277
413650 111249
755211 573050
817343 942772
469070 273009
616518 853803
116095 538609
539945 817413
412505 710924
641934 482359
974545 622408
866813 216577
746076 500767
851664 834366
927419 156930
596652 965677
316409 366903
252007 779980
695355 945989
86199 677395
228719 76283
956643 18046
118118 591745
370474 7495
904892 417750
767732 32328
585354 287272
309862 160150
275100 277429
219736 563091
880548 391950
930041 252553
242800 378727
631146 592835
807001 603278
938821 388820
151376 817569
986240 122305
471413 537780
834562 684414
895229 657604
792696 498593
547864 863413
359622 244037
377409 161644
746774 847519
51430 412614
398889 145908
577382 572678
90222 279421
697136 162790
793356 342465
133 260951
963710 37644
633084 278427
21722 874943
639744 260521
400802 643808
268806 795720
582623 629210
994835 835255
854573 72914
448921 82106
653241 885560
159390 563771
403714 627410
628553 704475
615041 152880
998731 369107
300663 296325
599616 333664
117884 455174
943537 339045
940428 904412
353346 528480
893779 912015
564543 549704
701153 282224
430977 198033
946669 544369
609487 216920
664658 145918
617289 504836
532748 884500
72618 613797
896218 783421
842692 280406
917984 36240
967694 601103
181695 289744
385121 486590
516338 138393
67402 441152
479427 556899
654830 200322
663941 366950
580301 48370
935259 694169
496581 549999
783941 644619
80715 957792
18522 198650
216910 316530
317961 668098
120817 222272
365505 879707
365868 902108
296822 280413
970683 130271
135436 558750
698976 183023
390571 557311
520987 828092
516667 525606
602975 973297
974614 557474
615354 513119
771381 729330
231800 289282
637676 576056
795904 237143
204023 590352
288936 638791
271770 202255
988776 688918
853576 392333
204842 38956
322211 783788
409664 626986
312354 28882
927015 904582
342755 224910
188224 907031
37697 966377
695160 228787
983268 402883
854621 77261
185529 509864
347161 239094
130031 264975
723329 402468
534456 542013
882930 75786
3252 594155
887241 537838
982823 869087
135977 222594
150897 782696
723686 4629
655535 549382
941625 874009
394009 548549
609724 670872
384429 648313
68500 442617
946034 980314
49285 80279
67651 668724
299957 470008
94486 627207
555556 11305
490630 313135
86190 944297
219803 77156
212416 159603
447517 865707
57632 105541
893500 857330
196253 783456
159535 214955
951411 250719
896522 17881
70178 258730
997802 425443
286044 461071
876889 684719
288932 463911
506357 203191
767411 148007
3266 722046
379454 386991
705289 700106
341093 515464
14851 343792
298863 872914
837674 149043
507698 54143
802648 161706
788599 712750
247966 915614
367702 397416
552467 808877
904950 889255
329207 556245
486505 135890
912036 72826
236499 529484
591620 952147
782682 126920
174334 511794
286131 361774
892635 333974
688312 703370
890508 436496
555157 591605
985128 270425
134733 97451
56418 796759
15592 231081
666960 322958
347899 187517
557965 421228
970520 302033
348897 201543
241296 72345
169667 447200
898944 837387
790010 55210
719108 84042
739546 168284
323953 878495
456376 134511
448608 559953
30080 685227
389577 136683
366740 654604
298295 494548
839597 102096
890035 714349
893521 744347
335970 62217
87535 746170
910602 184415
713125 94297
669796 796858
458957 57277
929092 381129
897667 29328
735944 224068
864438 986165
712324 554510
390293 262819
803886 794296
848711 952110
860687 808263
546772 797940
165233 974725
259930 382568
670522 804112
268276 621868
365269 85972
717790 121145
269241 588710
852184 556104
59034 28819
498805 848978
517257 338319
755621 29672
621852 827086
437892 214047
217420 916622
119139 206022
436249 480518
338887 391474
439844 693555
839353 557474
169599 509628
936421 591115
633111 65045
143869 732938
427785 606993
998762 783554
896105 608752
702263 488157
289698 333660
449582 565683
665832 748930
471796 250020
382994 303817
196795 551092
905035 431068
788775 922656
333546 730903
214926 340971
397529 745208
952440 213483
765587 516186
155209 651472
732312 438359
653007 852901
178818 422080
719419 999692
395910 547359
998235 40034
969282 735146
321457 851589
992137 81205
796653 721498
318886 675231
386584 573031
535186 410596
109735 656524
165943 804515
612100 931397
419842 155611
539069 341802
300487 100743
459347 112488
86659 116101
344721 691910
776811 350704
943962 428292
16526 617475
272580 353005
944040 285612
623878 865648
298437 444134
842503 904017
579371 564193
166535 951228
473677 983457
729133 404979
109498 890250
688891 15318
722568 689683
890665 714726
778777 768761
742922 423417
97960 276361
129686 255633
822940 856873
897121 574123
677609 733119
962998 880602
626474 33293
746372 87945
494226 624232
566367 481194
102068 861840
611632 413410
70040 858436
803802 253454
961512 444893
540679 100777
658037 567630
658260 926656
817439 825176
530961 584806
141677 426742
388160 948495
154159 446333
930336 609298
826937 782874
860551 113377
650504 253052
263521 786012
230641 878948
239949 123883
982180 985353
131974 986990
456833 385774
322761 73432
539266 209972
946878 885650
2622 578872
924515 299
441788 905125
249484 975140
844152 987968
434595 13421
378888 775711
321995 528805
44618 948189
876502 477247
730192 129209
125123 956567
194297 429855
104472 226890
44014 643946
168079 402912
335423 222083
900824 245732
366482 674871
438659 209102
323648 62447
687828 219704
106222 665105
271350 532345
258343 565460
850238 745143
616365 833192
804978 588044
214911 816860
564735 147764
874286 129793
213333 154029
327678 756593
752444 591880
624636 9405
304683 58844
829805 692449
533110 261128
256471 351932
605543 576016
598993 4465
136563 579115
529780 314177
661501 446171
131469 17443
39853 876286
596188 44760
993271 864547
69653 572513
618964 160569
868457 824278
434751 963093
647847 444502
854711 478946
186008 868165
401087 217466
520045 339013
199054 565868
182181 408749
643084 236084
370134 342481
460882 580496
220346 481032
262409 568935
651925 328749
222812 472559
106956 53295
758906 948491
545471 479478
661500 459961
226560 926462
577438 910556
347793 288785
773729 223178
351476 786601
159688 311313
704097 159968
317668 172864
881349 843755
826828 1851
280223 521090
508965 231493
89453 23345
44089 981820
745796 921407
42406 873595
280275 32971
884041 812494
39932 226948
778368 985921
659761 491853
2059 667568
746921 809353
182745 991399
373016 736771
791351 336240
10045 69293
682637 573999
320842 720054
890490 821686
657333 82076
995268 225327
436293 854928
161419 255084
638188 431838
221221 244716
700588 334351
767998 464067
923531 280248
948134 519370
766056 440836
799239 289491
645408 637663
468669 800119
118698 449289
620214 187565
215794 250279
299291 99158
779292 415441
741074 149392
945102 274361
421699 540661
658004 192204
889746 312751
269108 885800
622625 244224
778931 600065
617683 749282
914887 716060
560564 155049
98109 765555
260107 477870
834337 811011
957824 99169
374930 60164
883581 879975
818985 129411
628527 508818
984074 346830
838377 500065
190357 267820
514337 455464
222927 933058
478217 822513
182253 820738
66697 740615
314524 75616
397532 766974
722016 711303
759861 411800
414578 800457
164476 553075
145698 233287
784797 157309
918400 549072
125622 844888
963678 333975
187860 121573
