860276 379344
318537 157381
711761 349918
408966 709282
108833 602447
763346 682503
873478 164053
651356 175180
318995 805884
577713 10609
777803 903738
327719 454536
852866 150334
976726 601979
159419 972790
479015 149040
301425 12823
527324 644934
749067 470864
900107 215728
395950 934080
309407 364963
604881 533382
825351 336262
844964 262581
571379 46019
920846 375317
700908 954756
111849 541426
387280 556911
693575 15587
292813 971514
935314 365300
324034 764652
388259 467559
148755 850636
811174 652183
646186 533858
869557 693324
106210 332514
816019 52159
157799 666719
399239 102295
930006 856410
763416 760377
390454 591001
47352 296741
247070 957276
846211 221548
324037 337615
874517 411455
53575 783102
325142 928952
680143 774919
458101 416402
284061 980755
584055 470530
672112 633549
26750 783977
815025 493979
606634 180318
361792 53113
765559 606739
53969 270811
563156 871405
686884 491667
846172 716911
79483 75746
793812 41173
531124 245151
52067 551546
598801 302434
633154 122297
537130 145140
602954 807026
82201 603234
497807 47494
811406 886309
390418 716212
637534 777430
431448 754057
169173 808863
898174 726901
989762 1661
780096 153551
422844 208295
783193 138842
724911 777798
910056 118077
774647 652987
970073 464578
373986 3961
841668 345155
390012 780241
934117 912981
58643 741193
50969 954553
270219 984241
728208 321025
101646 428665
200474 862196
886190 170317
558718 716388
353734 740023
249133 76428
527342 628924
816062 358983
410729 383998
91425 649299
642354 775369
695215 366139
832108 625699
56763 172662
899443 766286
736063 209323
100803 469652
745448 765466
534526 151124
659985 856393
699428 24626
667407 942061
81463 318389
17912 456184
333468 89665
718554 770537
830049 793249
315218 917278
926576 399602
655699 77984
188909 174431
310145 233407
932655 743087
875202 318073
25904 910618
842465 658415
219661 369588
634150 588406
656740 998795
567114 919376
450061 88335
116561 2489
835581 927376
379560 486618
431234 753425
203821 388327
721658 545876
751594 162892
318036 401526
206066 447681
734078 338078
548739 133218
707136 314964
755890 401676
213813 451665
45455 874669
673604 667623
844859 654867
694798 399516
11825 369551
710057 754187
174953 67931
929751 998015
711052 903243
347172 224396
423902 386275
167195 981389
43276 284712
244629 120908
31960 70597
849417 879851
130072 568534
703308 46466
336467 662731
743641 871730
44332 771205
458430 827831
383031 668913
668858 963360
296232 239879
1715 904778
859408 37222
406405 146502
847178 319206
994250 217269
704860 138470
730859 870692
11458 704642
479111 744604
681182 961310
956236 229493
284156 15108
566431 635792
767038 836512
126773 643297
63635 200455
640284 443421
473773 13890
575354 569724
545916 849797
515889 411884
608375 908586
139056 544053
961728 39486
319728 677429
554089 182956
221801 606718
336750 774936
793769 648859
706509 728298
896369 924864
835614 727150
476854 915474
730388 769223
135305 657152
139243 301184
549145 453600
798063 893594
917036 342916
213335 418422
394058 915966
501187 10307
989452 261220
166262 49764
273622 216678
880123 700069
917276 928082
198618 686655
713344 647627
11550 904755
590588 502037
44978 76740
776975 791798
371096 139212
146413 326367
323588 372288
850632 66946
648939 897615
555850 518201
982192 770654
52900 445396
101461 253270
265923 373715
677015 897916
513277 659503
505926 573424
794585 619165
257894 608443
763200 310672
443787 501733
844816 412678
157748 756599
323669 58829
389219 89269
941495 659313
804514 85394
197742 399342
335939 697769
607375 667498
733213 71338
787986 96606
620777 399346
465492 42454
644050 185909
657617 225623
16370 665786
931724 794709
278553 981379
862374 136808
551752 839339
441734 874735
2031 929478
727479 684354
562644 393458
70934 272691
454683 809143
630993 440749
554794 182247
608097 782840
881759 480719
468883 198945
675512 542746
795477 669492
359421 472531
154032 67929
605134 356764
577468 461756
192524 278542
811457 578604
404016 197090
436037 499188
544481 302331
305997 779584
438937 351728
634049 190928
215142 238812
415100 550080
246142 835482
932258 45821
100194 133037
299491 89502
363300 896886
497083 543883
830237 732756
267889 29775
606249 923417
632427 798668
842476 573323
379919 962706
568350 595345
490191 257641
948507 914852
618027 930682
537109 383240
413222 860406
323771 785130
713947 256222
661498 847712
816447 56937
830513 69011
202952 163313
872558 631970
12596 453544
210330 356996
96990 260806
610333 929360
963394 471786
54227 265922
310197 508439
209640 431535
240484 287873
892909 102042
737424 318493
371156 921362
696419 112711
815993 96865
196097 879968
326195 511380
579422 45487
483823 745835
331411 105570
797451 476355
687517 780026
954079 163812
128732 232682
526518 325201
908479 756876
339733 714483
48657 388670
731811 644563
948875 40975
473371 520863
516696 426250
691922 698915
153209 443185
695148 288556
597803 600034
177002 190375
537359 612077
134508 577684
81585 234700
838549 979466
405106 962273
408038 480976
903799 855502
789527 645744
790554 493726
376599 23136
129547 104887
455088 864679
578784 226832
301169 871924
991586 18672
427283 713057
480733 98809
976656 37878
637867 303112
669781 547510
634945 408401
872592 554308
891171 739119
547159 230195
156110 269148
750465 647763
363839 709899
436899 178101
633121 388833
691289 664887
991 18362
245611 828236
607767 989604
616110 159430
331313 61898
743614 69506
675176 42317
581955 94221
709422 155256
846217 28577
525723 730619
84323 13774
378212 654650
993064 804580
351533 708424
146009 152211
409408 718253
666183 890987
900169 643712
533645 780659
543510 436242
663861 271391
155642 800780
146681 747164
472245 302011
515322 58025
628889 800535
840378 751307
198122 174364
521718 940216
830100 916312
323204 411192
355134 654788
582334 667008
440223 482269
147319 786874
844505 311104
501246 946246
716162 214217
730780 671083
819516 592154
90895 642331
340918 155631
488349 100754
577315 142260
420903 7577
779715 264387
669449 812162
40157 137275
149346 305124
867544 401043
970179 635174
290946 298722
703968 995094
857938 841060
883172 986890
421130 307043
215511 876338
688809 65872
670461 283440
778554 541521
343622 113663
499216 13211
772717 130533
117353 192455
434158 711877
987199 750491
160241 820164
97903 654833
684500 22037
414000 436302
977255 304663
954375 514675
539281 1892
739964 760424
570090 944189
844668 983949
437641 900767
718755 404469
643720 693573
935515 774198
550948 770691
703613 455439
423875 966672
666394 435570
477913 557701
469374 506771
463704 387037
732305 946556
336616 557997
187291 881487
339857 307869
483562 342894
97040 594196
820104 365425
941587 343786
720965 470670
842197 399660
801643 249713
97912 150157
567166 395529
190258 648733
124225 177042
524930 529532
35146 253175
696730 339820
469350 836530
12129 377016
631612 182918
315470 143104
795995 895119
790138 462406
596751 488096
139899 543514
666372 861051
409003 577270
37115 335544
349430 620923
305227 493992
234968 186246
399666 121973
755987 56775
977153 28772
962290 315722
982385 711351
756638 286984
232145 565388
627141 609338
896557 262934
46160 796783
212767 891868
973739 730581
590102 708950
470963 798651
159042 976004
770632 412422
953877 616901
478664 679553
121152 960867
245398 50459
35427 833704
714974 222468
507571 691754
40885 620150
350787 453912
654581 248428
499451 951248
659253 680199
501389 833221
839113 434650
251676 336493
507894 604870
729937 234759
128433 416269
138132 407961
778546 753534
621121 720289
336525 133230
311003 310661
22432 805678
234772 895716
556939 621606
194536 217493
453365 802024
369796 591445
63426 672738
658140 298300
492847 624596
594856 780526
96700 686126
348891 872941
277680 826619
565911 896120
514580 16668
840970 653445
661584 136205
289877 649501
90951 321793
551280 521460
291518 660333
791202 281381
307976 970522
806188 253185
440081 258442
861610 777213
685650 76895
492021 976445
280835 487565
947126 287190
700689 448986
655683 885843
904984 421994
854123 580104
599581 880728
448599 269520
307635 877650
187721 926950
502125 325277
720333 104688
694330 997896
57923 257736
430000 443485
645800 372217
163770 448593
452963 918079
507459 327033
560730 579226
315419 381920
164782 394066
782292 319926
315878 227004
859064 969188
711415 49321
589401 699268
470901 475806
476106 56337
533646 120746
297642 201962
453719 374873
644733 219528
351878 918300
872827 363723
533939 4060
784256 927373
547668 795120
522372 493518
397155 616829
852994 300580
647762 91906
681202 400100
719665 700747
160904 853339
384074 991412
34885 495019
899919 209897
483710 486065
917452 629734
36013 710849
111986 63898
172765 10256
500967 151357
362673 854877
505558 274933
112109 44431
379546 902782
306971 700519
688195 890968
905302 966514
795855 387321
71554 277918
253616 288628
592449 39194
807135 307778
721590 393332
334543 778652
874757 114032
950098 651090
291948 122475
150360 363499
476931 103689
192715 65813
796545 779677
134992 408675
380961 237180
986769 529384
425788 648787
927691 167661
184714 840931
873714 487206
142107 827240
118723 975935
757037 426688
673603 993645
555079 189443
658137 412740
532784 293264
744722 227602
437769 327763
797510 464924
827292 424273
265768 868124
881889 522341
982991 689104
73107 370095
461283 254718
889226 603860
895866 863167
257 62119
7837 895581
876029 429941
889035 186580
852845 680611
408873 394086
836237 14105
692014 899589
585112 40863
113877 568139
310720 124133
313266 23090
487603 709856
95636 246154
937398 208121
957731 744885
317362 874918
212834 596096
758022 625632
603432 427152
421382 682622
689165 594570
278678 238024
757341 223324
503810 424352
744704 741135
304136 262337
579746 129413
23860 727181
35831 247884
905086 914530
186194 489241
50389 949805
730142 52449
927564 392562
555772 551385
522544 487276
783387 835176
508540 82874
509933 703898
824036 62735
500669 876656
150565 654290
253944 31679
913802 943997
411682 767568
350969 285834
515859 910783
736055 262528
862629 600757
361830 882683
587282 658853
120061 244303
857338 809477
206486 197178
121208 282307
314919 347947
70791 764163
337323 552122
54500 315060
870030 70480
756328 22603
590998 125279
890726 340690
848971 484527
26270 913048
466720 999663
230237 138933
103382 121927
170066 727242
448454 189972
421977 822088
729620 140691
64679 96410
774638 809932
514483 297748
971206 916317
177952 354733
374285 298007
815236 999154
771494 257798
507667 94479
246190 133879
949423 964838
380457 655611
779220 441587
99778 284602
484103 409235
659505 509014
884555 425324
728124 290631
658126 884901
721289 574946
470605 947942
669380 265226
329042 800460
851948 401863
244922 121958
287595 468988
73940 592341
7436 113045
334015 954720
691201 82115
330682 746015
678400 78646
15707 329143
655464 874093
966710 792019
81294 402879
100819 734338
609205 884505
294961 72677
793604 708622
488937 531905
635627 30077
137089 538903
809983 57893
87389 447992
278495 890419
434354 519090
66206 90808
998256 440125
141102 811041
249336 750402
597069 526663
732147 438445
790527 853416
86926 942564
766655 589565
374934 832145
312490 84145
942875 596090
319730 287749
909874 731745
766812 584577
455555 494694
925279 867141
535036 392178
582292 46285
87096 41640
867004 524100
789368 718117
900862 308768
920131 975478
27184 833708
430019 841784
365169 251218
439862 442785
623184 671183
989679 30817
746480 802733
358397 501399
822218 367821
78053 115265
341335 365285
378715 664219
932577 207749
740833 580707
268771 729917
914807 174608
202860 368662
630138 446889
688006 975523
222475 158613
457956 948651
452976 397266
629989 669336
693218 271384
664737 836414
833554 97644
582020 977786
365297 961556
343790 657638
90083 252616
581540 103179
624419 546291
955998 460328
936330 617279
562373 675211
710694 115895
791691 565011
463541 533074
750456 906272
382671 472941
265734 129036
997462 303239
408169 69199
558525 466197
555911 450518
585590 554697
187227 557582
196652 586279
198140 187774
423417 741076
752591 2738
209357 722234
948419 618096
948886 593493
186557 57778
435677 402411
60120 757257
591357 29504
789863 540594
660354 340623
261286 754512
308502 646416
592589 803038
638865 544519
757815 666195
82940 825137
778913 669098
139135 457664
880405 164635
812365 444771
122253 747700
822054 370971
991396 729261
302710 374025
356985 349321
694520 882840
395513 252097
320437 647682
162523 335567
339948 393430
928346 294965
235436 354832
430712 505098
865334 755929
485698 290359
379264 995605
599421 369852
398634 486781
680571 306737
869631 708376
774256 422512
1937 911193
866101 168036
567856 361317
839446 694556
391311 400776
645666 146569
122537 63178
886132 653144
717392 413244
157870 507942
103144 390926
718950 225176
223547 90013
925022 645765
459882 504464
572192 140870
982258 153212
659603 652603
530097 181826
802807 847369
953251 845672
194816 11909
313409 916534
133189 351745
90449 91568
145477 824252
796827 542039
632193 353328
722455 586702
322354 795353
580138 489793
183677 312083
513965 644544
607006 294316
322774 551742
110017 107393
274896 456010
99733 611301
592731 717851
672493 279629
191112 541474
336951 232347
876565 565951
73277 679283
308171 792339
185539 636251
511860 249749
270422 565200
962064 219081
110117 500658
490012 955566
876009 406194
225145 753055
930013 274688
815944 35912
778524 439930
524032 450666
553662 109479
528813 852329
988244 631949
850249 945307
142771 815655
364899 130984
740436 767533
636237 739222
59098 118349
592931 655126
455825 295760
114661 926004
673094 586859
338166 50578
688736 199251
135022 450855
153165 245105
309779 670601
570037 737924
948858 48391
805252 417488
259541 419902
61308 382121
615788 969665
942577 220501
611104 988092
873415 282328
277922 609444
337138 589515
274399 890853
119308 323239
930712 747253
727890 304341
366254 114481
469631 389152
952866 991717
508624 420807
98535 522363
895417 416373
779389 363674
84581 341627
185032 15180
190814 128020
59790 461596
424915 181766
679960 694658
221863 281437
243295 927900
975242 573170
644943 293130
324075 186442
172473 501528
504634 13981
146003 812187
103293 438238
668553 495156
71423 417053
52866 478299
408920 815393
788800 283983
518726 733791
763763 769369
167660 768241
493053 538348
183078 206504
11141 172111
840061 2694
43415 902961
845753 145532
395559 122743
48294 238893
359609 786727
586492 654787
760513 447725
811441 994814
606601 38812
419576 36415
186351 261038
834551 429316
482038 633615
970740 967448
448210 333290
833433 6221
166625 561258
683124 628039
130002 941353
793001 921918
373342 946045
177965 463533
857542 606720
118808 721375
849951 442041
659758 551973
852103 93743
4988 365338
91915 319462
46729 252398
824430 613630
40030 64483
600247 465490
545958 973644
569879 363396
854621 639461
246868 187607
602470 567031
477571 319014
418423 403265
63565 982942
564793 183408
514038 585399
19944 340299
524726 541219
661258 430190
233237 45961
645932 133803
842978 974916
708975 947908
361414 463453
954836 748723
699786 537826
97685 107415
63850 405764
48935 101511
620028 533134
301611 596062
137199 619092
886680 205758
978793 572173
475103 93248
209836 219376
201170 936042
135518 115020
560914 671089
107479 803694
968903 79161
821418 157659
133769 720894
152236 76860
935199 375310
938627 947904
989958 179818
934068 396735
6983 464006
12853 190266
283338 245438
