1 1
999999 999999
200 1
999999 1
100 200
934457 592139
891362 111309
521514 459167
722512 809473
894187 689848
543709 17928
513852 595602
874027 766212
479751 207400
759712 370043
118228 52314
210563 495041
765033 341036
249677 822567
856262 893017
184137 448207
561829 987909
169636 612637
215266 719690
767155 769578
235682 367707
20294 718780
795636 697500
488440 513885
315236 869919
46824 882511
967074 656281
238521 509693
65505 841735
110231 878058
424365 544993
9655 5415
427406 43357
467738 409459
634006 476201
296195 669160
298849 482619
480317 786982
923894 408238
129366 896557
616097 201207
776613 845415
794715 324606
796471 19353
208494 738875
902001 909104
677052 837266
254714 261404
708102 872337
910837 178871
986184 970537
136055 693189
332344 769246
83841 55053
678440 55642
914138 640143
821635 909677
671937 292753
729213 709774
729055 322182
31431 686242
211937 818656
407313 477662
522125 263697
343415 853572
618879 235908
127024 13140
971263 466844
779066 122948
606167 537217
901214 778769
229313 17886
467828 363220
634886 831611
179571 922850
887631 471717
575614 935189
934706 117049
783369 465081
16063 375726
950463 563601
573473 229392
715151 178389
740013 756156
930648 744154
51364 233391
271799 601226
242798 95940
671990 999779
473806 132275
479604 838182
105574 543545
594410 982777
212698 147240
900145 369583
899280 966461
361056 207524
985739 928012
999523 590195
935623 65609
591441 60726
791468 919821
47947 360155
443785 184308
805388 102308
141451 206434
764753 972399
648328 502068
38490 539895
14422 731958
323023 142339
260280 23779
508855 136847
938336 468775
387435 64352
247700 905568
459663 73364
691238 51213
601480 441170
793393 48740
816252 12546
959971 781654
269446 614731
80387 867683
382046 412834
8205 570502
357792 757307
687830 826121
350783 808363
664592 483781
390687 153889
351918 370277
124211 734582
144350 707887
510654 478747
888319 582486
512291 388370
793873 439732
63342 354219
615440 323432
519184 545588
384776 819151
202146 824693
486778 545491
308790 105066
462118 747002
511774 715295
148620 78296
358783 645580
562391 486867
897025 856670
738481 766901
704059 9220
226040 877548
524284 729040
600582 464937
709800 227002
304930 109673
935772 177592
241654 581931
585936 630500
548331 947473
885061 898773
663490 562079
136990 157600
535167 321144
902435 169361
907125 786769
410968 1048
392814 752703
278240 381562
748415 650731
356683 386394
489638 383609
567232 407412
129981 679831
100343 247392
287043 261247
963176 271949
100667 239054
415891 889539
739079 708089
220323 451643
636574 360163
765023 324952
796560 634326
368433 498482
6802 60101
782287 857806
805569 777245
882285 722078
73321 956292
843254 175292
530813 399534
589724 687397
519538 110025
61500 723413
377520 546452
610791 521941
34639 402609
474425 502103
820478 937464
118226 301662
491619 664873
722221 176884
405146 369605
814380 67826
358698 844554
742835 375838
381525 533309
771171 585287
784437 235263
903580 880296
63535 604708
295633 682182
654794 647533
863963 186522
220233 534367
977642 703059
314943 413571
431525 47115
56759 41537
54698 12882
418293 485534
782926 690643
65483 355322
843220 328475
83274 982248
883360 916585
21276 779513
475352 233545
257525 259127
625760 830561
824481 535639
333756 852322
989634 619883
28665 219158
83391 947949
299521 64838
631768 919764
630098 215159
234807 63925
940210 785110
472950 775413
994788 369615
69020 296624
381729 382725
930032 591174
224527 673718
966753 446575
851047 728101
826714 959566
245789 913857
39130 690620
622834 449128
846074 959822
651595 489141
262092 554666
108761 516553
386863 527839
339106 21772
797823 88522
801199 281436
394345 571775
256597 646080
909070 406905
759747 396545
332915 335644
835207 259241
438317 316869
780773 104741
104396 10980
963189 61880
429147 64701
223855 286295
577424 40623
26103 284813
490844 897143
320803 21056
380879 442408
857121 8926
843742 811058
599229 484194
307072 426228
478820 325778
590885 424955
843720 148975
860714 539125
195091 61331
508023 676900
854774 91490
625415 356961
104724 4269
539341 343849
69867 329385
922429 233170
362798 458966
474480 23313
875540 699099
50313 269617
973265 619860
417137 68146
319994 749995
660572 968058
853561 906055
646343 108240
107835 665195
440180 109192
871804 680481
105427 129126
175743 310050
813730 320130
868743 865924
595883 11443
774845 260096
392144 245493
187242 91019
715499 868291
376455 818187
685343 561933
487240 827735
742099 987987
866233 581492
543748 819541
691748 668515
664543 868655
259809 581965
947955 28686
167427 134055
963560 640165
54712 797933
767514 908949
910682 35151
66393 476969
89881 686367
350328 557860
587502 533451
932530 757027
503708 8578
622527 375404
850654 88840
512529 66691
89670 843802
441475 234416
341738 730069
886344 878530
719645 787693
743861 420145
828117 446692
18290 761917
658208 339598
660670 971774
94498 399814
214513 908063
65774 324264
11536 696502
786222 693611
111524 791367
859841 61852
455899 637276
14098 882293
160967 823132
720830 258834
667846 556933
396834 53649
29417 95102
820039 558448
307169 319493
507055 708257
844745 960415
983480 465827
120925 717324
568001 155112
101396 536190
334077 575318
919256 310453
79424 161277
355941 395645
546874 830937
374320 747263
820443 827401
609792 468496
973713 867928
457823 542563
685816 851578
421320 936963
867353 605631
983716 689373
249869 780936
434133 85511
286889 807762
915132 360041
410092 267300
429851 475466
165582 313169
408883 728318
35659 714413
258076 321473
517319 911642
168984 246012
451564 798354
385751 301716
759872 870551
298067 630405
392967 941967
397215 22642
776221 122269
34537 212998
831089 346013
403799 914541
456436 962875
162769 833163
264536 571711
775878 936153
616307 935894
987266 919786
905425 334273
168365 547525
365129 771715
737639 72291
157469 901412
865341 654627
86702 363728
222975 696389
61070 242175
908560 357829
348325 375731
378329 383925
304229 710405
399540 560613
384540 935315
941358 43514
332338 256186
87600 634315
72883 788998
922466 915289
388265 400117
67953 300021
668024 853120
222317 994474
471304 632104
259314 864985
985674 765142
339419 55281
380971 820451
104160 161138
129349 469639
422188 321841
276620 376299
37937 929966
184557 550126
363530 682318
952542 84365
304849 226901
933690 154006
818272 578885
340262 442839
306629 329566
304968 908235
972510 234732
581700 817810
558482 921872
660744 947108
317478 107208
621025 657495
747541 522669
89968 402485
945287 158090
398752 422421
161475 599040
866189 400967
721481 311806
599290 125867
133554 222511
381900 201154
250918 376172
462764 74379
844486 937493
787264 81522
34137 114288
715902 748424
71459 215395
361308 875598
967286 396779
826133 259080
699556 823284
815157 577934
351888 114519
532775 890198
916888 938204
525838 681909
527671 566321
810998 800024
447295 133643
769649 924373
714570 40098
986587 89625
889353 786621
827651 274085
991088 446696
570608 941630
100729 824994
837379 699607
12550 463391
115173 358988
371858 861253
524884 685732
803614 182340
129723 434889
563171 85390
473553 914129
880718 382160
460772 238891
411342 652778
180316 833338
285225 848731
907761 383956
2993 240307
179979 868071
983304 903962
181136 453865
300614 536
404433 255214
188956 963038
538974 942248
597077 166640
165485 587644
629903 93820
637090 915751
215461 470381
810438 989695
654464 22904
333238 177677
527453 93979
501689 317926
288069 675320
331344 668888
530497 691255
939162 66562
474276 321803
204478 643354
250092 384459
400929 259445
946160 553158
992554 488318
432130 668682
874731 843879
392283 584075
476284 224786
998119 530472
420305 920416
589526 643789
369591 435849
793905 564047
791121 200527
260708 813734
982859 876962
913603 170993
538701 850551
793190 913479
763507 930822
292658 914611
994470 691434
578957 778182
713194 449726
691430 109912
558519 642456
400307 315481
971873 133628
277299 655553
84455 659777
212333 528848
642395 780847
195905 461071
569771 350800
411557 503264
429120 440226
983630 177571
644836 741584
841049 736272
790454 956202
348608 887498
250808 184059
114094 741816
412869 163177
741037 971126
997567 557205
574796 374815
924399 204603
652638 996648
526371 757148
197609 433216
443778 516828
281196 165486
999176 694080
570202 573661
340044 421746
9953 201128
451246 883232
35123 886571
525222 101948
729041 996734
29341 875954
56970 798563
137266 556755
385237 150083
595787 83473
422153 633931
442950 588216
552309 638485
373819 339400
226016 232642
142192 797909
572187 395346
784783 138773
278444 633089
241205 726032
864160 535562
160500 429404
666759 531799
914463 125224
472052 425217
916301 890813
257279 348907
717062 196711
621620 262185
325178 350889
787534 57994
824092 414461
243855 967002
991008 25725
592148 265625
751135 275204
624537 907598
19834 399658
821320 690733
542866 848554
111177 892095
534200 745776
490468 76992
791593 969433
596528 6761
945724 718376
213540 618371
116677 149500
698317 825382
586852 630501
101206 901103
106412 624649
829006 319614
819423 516814
76336 260796
465554 980178
682472 144851
364913 481638
33408 236147
380686 306418
735968 626780
754782 61774
377585 864957
863258 678001
122474 571348
383074 396194
773296 787546
191582 766932
724139 261798
84655 758451
629818 244273
793764 51977
376341 683533
743055 844147
101519 478566
656336 889762
913943 971931
714699 548158
752888 371199
788879 422454
667531 255818
285992 288843
138179 465369
427621 508113
179844 848498
115990 729650
312437 272928
248451 127819
397573 378237
140230 459363
235239 591683
668303 705108
226521 708116
543533 351793
211763 256251
178101 784069
512647 919560
894748 423018
523405 905510
362143 690398
305530 460459
257272 496759
162605 878580
526790 364330
49761 354132
633487 256937
809184 343802
318336 485711
872877 834968
843284 44305
642075 590154
545652 838325
413233 159007
543165 240308
765810 994703
281059 572104
555890 41706
23639 39304
224382 838704
630544 943346
103655 549708
674561 217636
951545 149408
89722 471301
350782 268422
341977 294922
874046 766778
353864 370413
215367 529829
360134 375999
509766 652438
378140 123055
100599 222013
720561 437203
575359 162259
154806 568972
701341 497008
994490 231155
374562 782036
606190 367102
88381 468209
956657 147622
557478 258586
590709 253726
107684 126492
482559 186966
942460 917831
97873 540147
472599 23109
433741 629476
115936 853463
944146 230813
555708 148754
798154 64235
868893 170207
902551 100596
744293 958525
512989 150103
706361 627040
35997 97048
312343 384713
932315 635729
974040 931253
298489 807830
176771 78459
226167 279149
414424 731935
491527 274083
356983 376899
719011 971961
252432 466128
372935 546891
830285 457506
206474 350953
349044 767575
104444 385450
878059 844795
433659 213032
125555 417556
49879 576662
20189 42846
840863 775928
140608 845893
384606 775028
399698 938599
107371 605409
223022 957613
906130 108452
172741 212558
390598 285896
342108 239692
469196 463831
565662 265276
619323 694219
906859 520948
270274 759119
334465 427596
682910 758947
371795 190517
558763 719249
24875 493926
45111 504012
239755 726458
671250 503349
431894 441635
728704 155304
635312 122177
990897 475463
878537 354753
108955 373424
349323 540639
57795 624873
438667 753053
789649 961223
583802 380220
390773 724626
360635 690898
167763 577151
562572 432991
224487 953522
155224 971725
293466 412388
538324 752872
660313 16548
803834 622405
235113 220591
890543 670266
440647 712192
471653 319950
945175 189910
81943 389505
494083 310389
27990 183738
510716 220200
868763 967459
435425 189772
954509 642147
374548 727500
758467 224458
37780 64915
54281 502291
386837 941810
409486 101676
391023 414795
474705 634865
48735 484329
832145 460543
339066 137341
850701 992037
6040 688656
362541 747950
947785 968213
136134 488600
452761 510997
436584 488375
232009 378974
912845 776966
72264 293966
710179 426103
285197 714697
874753 343971
876927 140421
809550 954705
712212 152392
178176 173751
434202 914191
902571 856861
840401 234410
655366 157068
366016 37673
152883 299175
856109 561871
356668 225069
503122 561913
640366 493895
15754 979765
298334 514848
541776 279153
871218 881552
115022 720855
213340 98105
208312 776008
48992 880282
329908 246735
905767 999401
392710 166566
660700 43374
175152 772827
358351 235802
792821 386604
355034 415022
247183 897342
457523 342887
953588 517649
613966 783550
150764 805718
385403 177910
332022 354525
486854 663696
418191 730060
538650 694008
893894 579633
963096 523168
765996 241085
578535 509370
934623 101103
27712 260977
889064 997711
193099 683483
221073 129308
832533 576175
232623 88711
436740 75883
901012 961226
863364 31058
43885 965850
810089 61315
657681 944451
740143 100981
107787 960272
857234 872676
777472 820677
581405 849432
888410 939287
593422 574991
871554 922922
468532 294689
13968 74476
849552 320351
80285 24641
150113 606990
441724 824244
300263 958288
957088 578299
803465 186486
227153 63057
12340 708096
445053 863828
23529 955524
738415 593728
486220 446435
859400 515285
909039 947588
770029 337593
829823 756740
481925 124011
298497 985446
513889 943806
73727 276002
501590 775770
831033 15442
925623 904856
631221 536816
711015 30514
582887 591350
110829 583580
181861 469586
128513 939087
531577 52493
473637 766377
682444 934377
431332 572539
79053 296165
248349 848811
308379 109258
956901 808668
396150 855976
808896 689179
828713 69334
333901 929981
990376 561792
47456 949536
954534 414568
424407 980299
494303 887517
725025 868576
133805 298266
36193 849445
480298 65920
515445 856573
972130 289867
27224 242308
498718 404988
152793 554926
731550 700246
315139 367715
883594 500427
126430 250845
531600 687188
640347 723976
200917 744876
276042 161891
896220 439129
553457 82044
615946 547850
673735 987199
981124 288637
976986 614555
