1 10
100 200
201 210
900 1000
999999 999999
999998 999999
1 1
2 1
1 3
52041 413371
223799 479106
744834 894660
533537 975516
113500 939078
202906 229472
231208 604127
354178 757087
625964 994817
573126 759156
678365 804231
589735 735580
759011 923654
762676 885115
476598 743413
279570 469101
606332 784208
964446 996330
54580 959134
652121 951220
67249 548895
883486 960401
346985 486230
865857 994843
222972 347008
478269 775571
754926 870294
270600 404693
652990 742307
892392 962913
271798 894177
53667 207641
934770 938074
702849 788999
195555 635354
172642 654667
862040 954190
312377 545767
78319 950152
829943 927384
862287 907957
789574 934404
516984 611345
669288 841507
533706 962132
52295 867242
791501 999525
348116 941718
882946 930638
139397 719564
918044 945392
495170 920243
747504 944358
855043 881502
285988 833214
196712 373363
149806 493934
122224 765760
99448 940112
744203 948837
951090 980518
726532 933443
908712 980192
827153 990709
811244 905149
184973 989101
54383 870924
232335 873443
84456 391993
680903 857381
30731 519078
281444 333039
409881 867770
549911 680158
888808 970062
748734 990211
468153 893327
923734 942112
471976 912342
743243 941079
963924 999419
459838 550635
134710 944344
528239 595435
40745 231379
952153 967730
17493 328360
310166 929548
781717 886553
113493 797248
896653 943386
947617 975683
515791 528570
493304 524900
967444 994856
512199 794527
70891 619056
391222 906930
239494 870955
350912 815795
241031 900322
417758 955289
168139 308152
887435 982906
561949 904819
771375 825452
897650 930498
263528 515530
445114 793615
33690 132912
609823 862551
482363 680089
38662 137631
766164 834237
516355 545837
185847 385366
113357 266176
414043 987149
437663 476922
160315 684076
451041 676931
133991 549360
18059 384779
25737 726316
375307 648380
391189 659162
90887 610408
413478 923965
331411 721914
826239 945681
47308 381594
532616 819856
647029 835568
898296 957369
758860 947868
304951 332799
790197 962966
239450 912321
117119 794596
49555 998104
696395 999260
264926 630626
927322 942311
521758 736724
40647 611653
416965 765987
922918 935047
745764 994407
46169 643146
459989 859081
773111 895388
879801 930739
528804 567881
627482 958139
618978 768055
360474 602327
824931 923388
288732 488016
753088 972757
405120 869649
588141 844434
136490 569536
124252 162047
363430 414440
166719 427101
109327 892177
661210 960406
387841 538163
11916 29735
826716 884197
708508 879576
791697 916137
242428 752856
361242 511711
296314 981591
906771 992856
574883 885906
911110 914605
69140 538452
609792 925409
306521 863519
813306 889887
246115 289775
762211 952952
955666 969202
282290 426501
920842 973186
197960 801113
587849 943920
424487 587795
414353 643775
373156 455123
376919 800960
339960 595212
537247 610394
984683 991531
920885 997401
209673 520153
653121 906561
975640 999269
870564 969019
583163 589565
552194 646429
457504 659945
203300 409365
948086 986609
586117 840922
392878 849094
773580 884769
753455 992304
202646 963728
541221 625089
606000 773568
39969 732215
926615 975817
201146 847629
101690 121982
243405 546932
521208 702871
746612 770478
191161 669542
290915 521439
147209 772050
387366 552026
865210 875321
526718 825550
573599 809212
594363 664255
922617 958974
246281 558393
5392 99023
468649 953140
316775 716279
212148 571267
622624 719986
488647 669864
381809 505204
938826 958540
411313 738129
253540 714271
509081 779581
819817 847643
568258 735301
802143 906849
143819 301551
329699 618920
168745 836518
443925 605676
125398 166262
366503 638062
32603 794162
118257 328266
841190 920872
48823 90430
20195 580414
801396 844605
615822 919382
831507 845898
954953 999732
135209 501909
871472 956748
943481 994382
11596 403285
731845 881073
631838 666910
932008 974313
348407 428516
491691 576934
831594 959251
298263 638734
236762 498441
215196 479562
907225 995228
593425 703584
914203 955968
105404 945438
806878 956496
63286 118782
234131 822775
188334 358551
119064 273401
687159 784327
993389 998010
626480 745896
198645 950027
611542 776329
895712 919413
337966 898421
963541 988897
791985 880928
7923 192724
996298 999593
617382 686806
590967 857078
446270 976269
441277 597558
723191 854705
209127 246598
329630 646751
172456 244026
782515 864309
706003 929290
868279 968545
522225 929434
359991 422488
130747 474497
727732 831663
895372 955081
528203 676700
364981 424641
414499 512510
192860 640861
639642 978990
360936 446308
391557 669300
499059 936509
854784 865211
458515 697858
641934 954222
304032 418464
64361 467703
663638 755167
535709 709896
557686 788706
240333 662817
717998 808523
266702 460522
844510 890928
405006 643718
334032 837259
327215 413960
255473 572860
866459 913250
605481 610767
843173 979037
43809 650580
324373 862747
154467 998332
884793 964681
184846 364414
286725 694763
412710 804602
511519 853485
531101 819821
139568 530024
446522 566999
318482 847636
919208 927489
392090 781413
806123 824699
102530 224937
961514 977155
958197 991662
6716 77432
760045 935261
63866 322995
143532 981059
610643 735536
271395 552721
764691 904348
979191 993955
439976 847835
294154 740023
760680 829152
328229 890076
10800 830968
635403 739801
167015 451737
49511 226433
705406 966118
227979 453909
550304 942758
293838 552384
219164 299974
131278 912138
30140 160099
811608 948316
102929 668081
121978 390670
966703 984560
231169 310359
220992 325120
165109 428268
27971 845328
474656 851526
229839 432388
992529 996543
425499 430362
503823 625355
271492 362087
686806 689192
103895 134438
258878 875529
336133 404115
593554 799018
552137 847700
508452 690620
412289 456867
760606 981367
103951 232649
90053 473975
492589 587089
444897 534440
140685 668353
622443 857729
227521 662471
907020 958990
753637 882863
134718 316683
87110 687947
402389 489870
430442 883874
235462 400253
590526 695386
902820 943467
276012 497077
439205 508068
434039 766197
234233 369264
892603 892677
50937 207113
736617 848990
969275 990460
132689 157449
863908 913690
726462 869533
315392 988246
386030 546625
254755 966868
326241 868619
837793 955704
584560 726822
318805 319489
373292 591570
846398 922383
43385 859433
707429 990728
349644 369243
564937 835079
612082 905473
32815 453457
208261 744332
451151 873009
549273 698229
443089 841233
450710 612717
871494 873843
262673 897204
350250 834088
213470 647566
675166 909831
542363 656320
775006 961502
235571 275620
620455 777284
736387 949393
473013 773950
814221 993563
237451 492046
315919 376867
746997 827218
343934 879168
866245 889149
878264 977926
754002 891012
846582 866186
587279 612071
979108 999186
746019 805956
276288 900085
432411 436770
730833 815423
277165 573947
82544 266584
932960 953810
453823 956877
928660 964017
213747 260777
621975 968450
185928 493266
870828 913522
299153 338243
36782 925778
237820 620530
477127 859906
737033 974531
331570 896907
990131 996246
490045 785961
806327 866553
828156 831756
398412 969996
566122 824771
566311 791531
30113 814103
715453 753566
201230 785933
818872 871814
644791 752400
353953 588830
884333 983393
258195 583065
218294 652333
203829 910948
217607 569734
816079 898743
553034 757746
763862 949225
192789 562439
210342 814677
598113 881453
442189 602345
734367 740289
988957 992187
785928 927085
372788 873210
705562 762907
908532 948902
27537 278615
62800 939273
411207 685938
232369 425131
521436 587029
298701 923470
804898 832948
339087 709117
260819 704898
137252 403893
880405 975520
868764 934590
725422 774646
353402 907915
903243 979896
701813 721948
749849 848074
289758 360289
13054 791086
45186 690456
538991 686449
773026 914197
394644 454421
717061 728122
477230 582875
569468 995188
521891 766034
133682 854132
220253 839173
545039 640902
77609 157012
433397 837142
725718 913405
106020 893432
291005 316355
677657 974221
462447 735330
881174 890901
936487 970569
430324 471930
270355 505897
588883 605630
353210 408874
269709 717018
614150 922539
137874 312131
147839 906321
179088 786985
552740 779518
337640 975747
648236 962710
362259 396991
51011 617565
703850 927631
399133 786582
741512 751742
867821 901970
689819 981604
253860 465449
309916 887096
481867 789769
100930 226421
444498 523502
113941 327176
808734 904806
929382 968103
423395 850258
444565 942804
11136 875680
501035 670442
97059 519899
22635 475418
399195 677788
26540 54447
378769 486325
969339 997370
767299 872912
193825 593413
498788 900146
822890 844273
302466 342644
240105 572694
364487 885034
584715 905791
949226 979411
234825 841296
238149 448700
249987 406880
765080 923498
223803 418514
938685 955636
520624 987505
385652 748729
37276 263646
956161 986544
44952 684913
197132 891023
603940 888466
465405 845409
400640 543267
259269 687716
795197 940942
211463 702220
147865 275269
364076 417063
810466 837945
69772 435453
897643 901041
890485 951797
843213 884057
16296 596332
994482 994494
147245 334398
215503 917176
961989 969247
923765 975653
861552 902716
469916 815092
14285 984170
780762 978387
105135 632597
933787 997704
450083 480776
653515 890384
119003 962128
232066 868267
511640 958391
945565 986748
850894 898095
366118 732053
861184 918857
496473 917987
791093 845298
773616 781579
75561 445645
936403 981284
848813 870522
40518 649117
491053 892582
632372 781175
845398 886143
223863 392932
625952 749159
964463 969252
959164 966957
404648 913186
945062 994610
53070 137891
236590 417242
265338 980940
76568 606141
872036 999832
477669 712416
9150 495801
790067 909025
410314 597391
898253 952405
202868 373754
566747 663629
990431 993524
656600 690138
20925 576764
822156 982743
356713 379319
372248 720066
895703 909645
224791 408696
794752 886846
509184 718087
192140 575835
129629 348209
535337 584070
399618 764228
683873 915512
76608 733096
408349 753583
371559 709575
395831 996480
567294 916393
992006 996958
211170 736098
856743 943803
67646 444502
389713 786770
823634 892044
852469 876462
251821 889457
22241 761052
868712 933961
537822 925104
298969 926383
54935 361651
242848 834259
74559 895865
408736 611533
455600 572809
595361 747051
361936 660105
702588 968593
397743 601314
849254 970065
652216 789888
693567 693916
132311 791124
447319 937930
448061 927199
883330 948945
745191 992105
258848 458967
163893 447174
290752 744433
917222 959657
377751 382323
985709 990527
12870 36151
783458 948572
4401 757805
850816 850973
882979 888632
922175 963482
532394 575068
882747 913180
672225 886956
661415 905797
67703 820369
852108 890979
253386 331136
564521 955175
712431 897207
904758 989181
785473 927894
94796 531067
454952 750102
697377 881268
296510 305690
506426 980835
16186 57906
269474 580244
971356 991052
861856 880063
545221 942128
252900 273771
545611 712689
274592 721588
394855 909071
784036 817611
510943 655370
671596 699961
213952 658356
990066 993581
391390 606819
231448 938268
419353 683807
171847 604207
887287 959681
509909 919662
977022 988582
458280 715892
13069 152581
642028 929022
23322 252539
936731 972222
894942 993158
730259 818340
584884 613419
258535 918178
84669 185925
935177 964716
659997 909220
810319 968451
876148 962929
308175 662427
484196 574546
514940 969567
389641 951114
933100 947363
525772 836473
157331 916525
565909 777237
754831 853096
805147 805207
798063 860449
464931 914654
632280 835576
687297 910753
329302 607587
703637 916504
709874 868715
91612 313612
581178 954472
178952 848690
510088 905794
78880 140606
484900 495040
93869 449737
707346 720028
689421 891941
99483 809976
650040 806394
455696 816128
265256 678722
578988 825586
729679 943957
707295 741297
639172 652079
35697 334539
67550 335513
982882 996739
449282 531742
412201 509781
634329 932855
172448 530715
416402 718166
272857 548399
820742 934162
196913 376342
621048 673159
214470 271996
575965 697267
511216 931154
594244 812506
224347 377977
871190 986410
486995 975042
670282 870746
138650 281513
854918 914145
122389 639379
772824 907509
866938 876224
857685 885596
872489 910624
243484 324349
110704 814662
89750 245072
207944 230390
420097 583153
616138 722142
470191 804936
89389 740753
112282 924215
840130 901306
572329 669180
758368 989087
83459 159459
568758 854316
267936 892366
403510 738694
489253 931407
180007 281018
747337 889318
364140 402130
817108 988601
253440 927989
905730 970972
863342 951031
402895 879256
783797 940027
157807 883710
29059 993055
112610 332833
469430 772666
572865 745698
551407 778036
481327 524021
562213 855278
754397 792380
637671 785190
892141 950440
955196 975930
865782 968202
633753 795820
283401 833552
658589 687288
539308 731643
83429 297266
623172 716885
96460 928326
99161 624592
250797 807836
215721 395080
188946 394920
699611 723529
793638 985952
342738 782202
385365 818933
303586 322471
763625 911371
343289 802100
179710 246242
600044 609253
372341 536367
392984 940316
983867 990483
202810 863235
85057 621117
875173 977748
177946 847595
334113 790198
698011 983289
484243 486142
360150 928306
73597 110811
267243 751856
91711 965224
337803 343464
631070 672651
911721 967220
459767 780675
579825 950271
353595 520929
102092 384965
35851 311557
601510 943346
932684 958908
744861 896742
348569 785399
992061 998054
100537 309698
365106 741973
878613 981711
521516 749389
208682 363601
995647 997057
709721 945972
206311 676610
680958 875619
400686 777645
481542 710680
141812 280114
266530 984065
374831 712887
54880 732743
700608 944707
565924 706243
851345 859309
380056 622668
256358 342393
40633 369959
585201 739832
779933 888140
327882 752837
408796 608143
429200 613725
425071 637593
120317 910324
157809 219478
799928 843715
879742 909122
832539 922570
656119 918325
988120 988430
677525 953940
788534 966168
808162 828831
746671 777191
361265 589902
787231 891183
723212 809979
682699 883926
794600 804327
328868 934917
674157 836531
933201 996334
400334 579113
861791 957573
327842 406225
155681 564515
500862 657014
313482 893141
491069 576704
194513 5475