971604	225622
216358	126500
483264	877763
284747	653923
383626	864548
219746	188574
667638	817641
355677	244219
777267	698446
880141	253434
274217	264046
845318	979926
562201	852493
144964	307533
77237	692420
347561	553479
784215	608711
615807	418640
832941	337390
128811	18020
907513	680154
142566	233248
921145	988910
436295	784656
959104	249394
452304	684260
57425	392168
755530	837386
104676	846885
324886	192602
154151	867226
247163	527093
374826	943944
561465	113884
763241	293353
937884	7050
449558	995949
404790	201541
820707	141011
38395	24943
622580	237850
499232	256457
132122	355559
82081	424579
312682	20827
908958	564455
809645	547905
331724	509135
713462	705506
69934	678362
913427	126393
479471	986175
17459	882571
646563	970631
299355	904054
228238	761004
477514	52485
384528	632632
999951	894657
827883	339492
791127	337833
794290	898672
643068	679437
774852	848880
66821	744249
428687	791131
555762	53750
439262	562650
448714	150989
652176	602404
750639	444818
775570	551262
250314	446266
837416	147157
961007	916377
336071	149123
668913	145829
876449	980322
753562	795799
405853	402917
669260	434021
571008	188540
47398	140255
524506	794505
54420	41574
839754	319871
619006	648923
151830	198172
906871	9320
945176	711665
545188	233649
163299	719520
881605	329691
368354	991385
800718	532464
76679	79222
625085	108786
718753	965162
56859	370831
815417	486195
323044	898513
458862	432155
581752	948801
131969	784295
202285	241439
716315	280031
176125	168586
494103	474723
830042	468646
571575	570855
381837	534712
361250	635955
125744	918706
35712	207846
694182	265934
712337	923190
257402	976424
585617	741853
652272	216852
394519	238932
120409	248012
37124	28816
777158	883059
238785	586000
601123	24237
395715	54567
873139	880646
683645	471614
349011	680444
104747	181193
284361	964993
817233	825977
562885	456317
934731	478425
401054	752088
694480	164481
543893	707700
202062	757303
6351	249351
723258	316246
179972	250416
671033	160192
33233	502070
337681	724943
798078	416883
787374	16541
64422	79427
288875	289775
669494	394825
531601	683145
393821	177796
454118	34611
799734	670696
66434	993751
720246	57190
744313	796739
264016	542908
610184	886548
203737	161084
120608	501613
385353	254315
254715	693622
159653	881059
91330	200983
241895	501653
559804	575990
260238	525313
467489	135735
180962	638308
475330	99533
184988	587030
746524	455818
87637	311214
475320	812858
664610	935040
988449	161049
905217	887689
245412	23596
568325	44877
671372	278660
148505	496666
517293	542493
977168	743324
884802	365801
507089	524183
40015	252226
708944	669716
843099	537349
347729	348028
946562	55997
70216	376493
627861	270112
585260	988918
780222	813853
71337	701087
25672	25179
190366	951287
834082	460695
649313	343147
882724	131788
724608	82435
73376	322093
368997	676818
791910	437112
954928	797929
95161	785136
966394	313593
930974	331241
465021	863463
535571	840112
543292	165096
714540	318571
747500	648915
688359	359443
736905	54797
396272	134418
401367	380644
983926	210517
549596	992190
183938	237899
883715	277984
661762	520887
930645	676282
886878	938928
953215	448427
573617	180746
965991	504848
445643	269726
760230	114525
146988	905567
964153	628537
979843	607479
799783	271589
380605	520888
103531	667202
414896	935890
822902	570578
745219	699769
46388	719529
273098	202805
906217	880421
813052	981664
624782	76654
657233	348998
995346	710845
75475	828421
486114	653640
609433	994686
624290	260502
559692	199299
914494	108614
382719	161844
261547	866291
156500	377514
541454	478266
98262	925870
517737	414666
24497	394111
153838	525923
595291	661719
124961	778316
147968	696625
540187	639960
370895	38082
867633	848474
124530	965798
49869	883892
23316	884099
768544	420268
455024	15241
253716	48929
46712	131381
19132	508689
487327	506146
23984	623259
250224	107252
854603	268284
350472	462619
585155	316041
552441	793248
748806	458314
454483	590759
42064	608770
503574	619335
358318	34007
803984	82511
65520	149123
858768	367498
557218	627569
412938	418326
61888	249187
263380	723355
165849	425857
910713	257393
574562	241745
506583	393195
329972	337635
806756	734595
2608	924852
668333	824020
651488	815970
909755	662063
823307	671213
228062	152028
107114	953909
170713	758717
776614	511407
280488	868614
72389	79744
518390	110760
78847	995003
914048	305757
85079	268671
945624	318741
968251	586849
434869	315541
830223	148275
883895	848658
653346	112391
765981	908886
576397	542366
303184	738144
114176	927373
66219	948623
332814	657223
810336	53464
387838	377311
747205	855018
339346	290414
141640	617234
472005	87265
228292	453855
522804	463967
115206	993987
789547	857693
697173	721967
222444	389934
200731	134960
889243	132190
353998	499516
612770	399806
39149	778195
85551	833240
275669	259254
841650	263764
672231	567072
660918	412002
114080	223115
456915	419920
15086	363208
462618	627076
561046	391699
687199	116019
899924	188356
144985	914891
922398	699179
38479	738773
517069	695642
653215	404602
284486	954840
546555	166206
882101	612944
4548	35997
7910	210955
448236	870284
266888	868213
975233	553342
871148	392631
25416	604369
552467	484184
386937	323674
9053	26401
879898	296577
541644	912411
935274	432548
275368	497633
975616	161574
132282	579613
397772	149655
314278	937045
682225	811560
536144	676424
553401	129054
3500	156713
458415	613326
991562	336054
493764	92535
757302	455225
67669	40629
381606	843466
289274	742452
792856	167388
519016	90461
805922	389925
926069	628641
981950	552684
577419	539035
949553	439916
820246	392296
216392	384268
10080	136575
842763	603066
732049	580882
288618	817193
990485	848961
412192	896373
340179	452374
38588	454265
269466	381173
267422	444950
95511	284905
376135	309970
739890	556665
675295	608933
424159	617888
774337	743338
213149	785278
299903	947953
418595	306629
692900	428817
735853	971219
114777	746676
747298	716009
187360	629399
564666	945779
499976	499527
474774	17340
120058	345866
378709	934847
848921	33098
971257	275795
145043	753170
865132	810916
601369	990293
147430	245843
266789	294871
287037	819019
670040	222335
55853	907698
618822	915933
54538	919162
474286	989861
266292	522421
824670	993757
581346	657868
844163	932912
563365	922702
705611	309071
244358	272069
392790	658404
241348	850954
899902	512036
320190	964628
576860	668060
875758	442537
1194	364809
805191	169676
723959	660391
368325	381853
260449	623306
386023	765207
850543	966123
675911	559898
884874	437500
112167	86474
916498	699559
639049	996699
102337	439433
739446	194790
656775	161457
717603	820614
610328	347183
69971	203778
731126	469980
961865	23332
148962	847162
421137	154839
554351	291216
268349	387109
202249	889563
24437	513999
442522	684789
683181	279910
495277	317663
295194	111121
58759	802141
518674	483097
37488	892963
739055	350746
825846	768540
887993	796564
128483	633972
229711	384855
936894	732206
127208	627438
577405	687899
7290	853165
635503	25531
965640	922793
38667	315761
948362	169831
959528	899554
236014	417788
800628	258448
205197	856744
660391	696021
586138	234229
789041	810200
102350	695214
123518	566820
84667	222439
484139	205831
477387	439999
802201	824584
928929	975122
294324	316689
789576	470455
635066	529187
437808	394639
415853	493632
856145	154151
948955	907437
175273	619848
750920	76628
787387	912759
212061	583835
347719	336149
814807	615907
554760	840130
439429	673648
262657	299855
753657	297430
176411	972256
528098	532125
798680	739826
707445	776241
814155	391667
513086	306811
331721	534540
606778	800980
703224	835981
58041	489939
264347	629777
335548	664305
130118	933961
798759	950051
486101	169181
581729	106289
972839	281517
472219	682358
758475	170786
898894	587853
852039	269711
554738	865003
85831	162178
20387	782988
556563	583922
724556	209944
530094	159994
592373	82773
814968	896075
485923	348489
939176	577991
896734	675548
268347	4323
964317	317799
961134	422856
340378	796729
692387	685973
374428	482243
264192	37766
675514	874682
702637	188755
518359	892240
110722	664826
861461	342784
512823	130609
390840	565990
789170	979828
425863	779813
829560	436914
40349	260583
611863	712597
125305	53339
728771	330431
846547	835798
989681	191276
358068	675904
343981	512053
711315	829619
223673	212048
968579	453751
319221	732448
13399	586867
495815	446014
267441	339870
363164	471037
134677	309107
79361	717879
433144	885645
730870	567722
578080	871051
811253	860416
372208	564206
400186	818442
920901	250109
917181	242998
540265	639217
404913	327027
367761	266149
617588	335732
616149	824927
857822	397978
84426	402323
987552	741219
658699	532649
316704	258011
53117	475489
766316	702581
581547	494406
773769	767608
518150	522749
32607	625722
947521	973512
842964	698955
915341	317053
552891	255093
380228	877682
741130	77707
349913	519333
711033	679511
332545	235199
942426	481567
799388	285398
626049	369976
914133	722559
110267	337200
486880	750617
910948	31725
860902	873572
415255	599399
739758	947530
126996	372938
191037	40503
866403	212318
383217	682244
638864	268996
651687	792739
806709	689001
694571	911070
337108	142700
674301	459019
484095	28412
538425	571502
19717	238809
535197	278637
239886	225815
521898	404098
572376	589027
627650	76995
655589	533152
590427	803897
822388	547048
923608	483071
823726	406825
866661	408419
92972	630483
821066	965115
540103	440422
508193	13804
550943	64997
451486	502965
925246	99027
145316	222260
697573	593772
205563	822254
60807	846940
44221	142112
261889	362589
554571	551429
683940	499627
271310	895103
38045	686296
434603	493630
559021	434355
670167	792455
253076	400301
580724	848908
727320	773615
401597	625424
817473	12022
927634	444574
411768	885350
118525	577995
467565	669652
232331	91510
435143	470886
181557	360383
339184	106362
92452	629313
487441	40935
731653	398831
5530	895368
505366	597171
406994	241805
842743	747023
872616	626458
780511	150041
710575	701499
730189	478063
479408	337602
35366	221961
420606	956926
752786	490278
806845	232664
871825	209024
934191	464810
357407	449598
728289	502700
697751	504237
509096	820118
100237	704310
588343	113154
706236	163533
442380	168998
204667	465768
975560	492880
238986	650841
961449	21905
507274	401571
984649	444308
4726	917028
961184	92692
220329	314108
190640	320043
116980	859492
835130	210697
755162	574827
980961	704326
431598	938237
695998	685749
615082	982120
159653	766509
231877	723780
541403	944776
866647	638713
779783	758001
532048	344977
859967	397847
778778	430093
775443	354515
934082	197149
188427	76608
595372	210793
76976	923120
43885	485934
576025	189320
366015	692978
251407	649250
359225	889490
370083	929260
341712	872550
297495	55927
494790	58748
105672	840868
288856	161124
432661	538357
513406	517293
956061	939083
853372	940476
466489	570479
564644	973382
569024	30740
911157	799823
880942	255685
595220	356781
977612	941518
654519	77025
660031	853582
38740	76898
675490	160136
218858	639361
13668	845550
13445	104899
107435	922571
495235	663732
704269	783174
762600	766045
933891	229707
614988	779693
247473	974920
733985	503482
803475	969486
352243	838533
559985	271130
561495	373994
812895	718527
635658	707448
683644	467914
589591	755725
585504	417475
110631	806659
865352	309449
147896	675374
384770	859952
643778	660771
551341	285569
591536	713289
643745	540380
577346	835242
907116	712062
399116	625273
926862	850438
791708	108618
489375	926589
930515	134746
87117	77294
85537	717242
847259	184180
391434	961359
758003	601587
68528	277133
861752	836199
783449	352793
894069	583828
662956	153746
204844	922682
791357	808607
160960	76340
749622	461221
713253	7993
214287	561197
489363	666230
222774	822957
887439	901383
864958	997776
731870	5389
940868	306630
375225	247413
379834	416497
256508	690056
32724	836711
47914	99144
183175	709013
675733	393205
528961	521601
831596	179048
413694	894396
325748	812358
524384	854978
147125	926737
166977	112594
532286	109058
972151	603437
656687	212103
864595	800102
881656	37521
839465	534362
591625	60784
154082	204392
914874	918703
86133	74301
264055	923078
566764	489798
295391	104816
367306	6390
401310	226513
285076	638381
667026	296986
685937	954777
934686	524629
712793	84819
10916	903579
522989	507826
821314	424439
162983	749734
695419	377514
459713	895785
596621	831142
506697	853303
449886	770705
675479	424479
131498	796207
867028	958590
780055	747317
861392	69416
991834	368812
927415	900879
319086	208950
92081	743169
91126	859017
753762	522984
288944	170989
122762	303601
870472	759017
206073	181195
55669	249014
944928	980251
237306	850543
476986	707161
620997	604302
155934	356869
558306	400332
575223	828610
713060	399575
51968	127872
37278	786953
535984	743908
352616	605080
720635	324167
418283	193859
588901	683519
201238	437472
282171	63597
535090	664549
668004	435588
844715	557027
665093	871113
901598	149726
664424	223540
323250	476268
849224	148018
576727	265988
932909	954317
623900	618761
885756	230004
821660	288166
569684	196150
699702	441516
174372	516349
965210	174205
115570	737667
530590	828754
777061	536409
868261	63847
548444	510910
51919	282212
461552	893484
650834	829680
676046	455670
949304	329566
287816	196820
735070	524653
953942	548535
941798	271180
910586	144447
219161	678439
504152	208686
448401	538627
771773	585666
997462	233672
19479	362151
101526	626995
225658	59569
902883	365975
21241	103823
393447	760373
844440	492672
212105	2776
413590	221065
766328	153218
898178	938594
768117	813905
93699	876951
436299	877797
191401	151089
159753	553546
33860	216195
525019	795229
252146	68195
125753	870142
545358	138115
313903	333523
297447	631498
975754	83284
124469	949518
112487	590231
28065	103608
368179	182764
316584	242590
280854	197635
381712	464594
804950	134626
630739	568966
83819	890773
134025	111103
194412	943338
71351	192792
143807	22033
530807	465333
837429	623877
107819	419152
823359	923825
334087	231908
437622	259167
854974	503442
40645	856877
501905	110650
57479	598357
563945	168152
999999	999999
