1 999999
999999 1
872791 405611
428493 726399
692263 486625
720369 887343
469419 442289
983683 333794
753331 786708
486660 303866
301826 298214
944946 809201
947470 784046
213353 86168
85747 799855
670310 870853
191380 101453
774182 606159
999307 271693
39755 363730
653314 526955
302509 513625
593174 797052
26162 734780
275832 864320
216949 273230
941623 642859
267007 942929
111677 863997
212793 266093
626248 978164
107907 11470
502629 351090
953980 392617
770737 536865
346503 871450
339060 621561
125489 342199
732271 340629
966463 23857
20764 254580
902427 165789
322235 693562
620025 187777
30364 44833
602657 37350
757241 670450
48053 420458
598194 53482
973819 785145
873442 183381
381296 144538
319844 231092
352893 655418
850222 102356
47974 912949
65676 534658
490675 545108
101323 56041
729073 368916
62387 510939
853334 428925
118197 985723
79931 862754
74898 843693
113833 855367
439214 576381
85772 906935
29469 180060
874964 338396
190675 817435
109402 175045
774351 394006
970286 922223
356442 259787
150407 419489
396579 626997
909338 710403
255779 680769
107457 132136
994799 809752
497856 354539
860597 224290
248349 884332
787367 784159
288439 434003
354163 166450
746226 116981
293966 372554
773373 270547
230107 581518
244868 927577
148690 41019
698285 824511
503009 900194
613190 306050
367649 61510
144166 941754
659441 362771
762481 203891
204244 302514
28096 845065
320604 115809
652012 608908
316137 331666
256208 611869
865201 109606
716101 351796
516236 945376
150941 766596
275302 525662
447128 766440
78248 216447
191354 567035
366923 144402
586053 504678
231510 713899
343580 919380
964611 298993
460704 334769
840995 363859
406855 569039
431299 358180
276230 552985
844310 402491
986045 190064
361760 433480
310216 457659
195300 117014
310508 932310
14169 199121
684108 360824
628086 63965
563765 406675
146779 968258
692175 956058
754944 632384
404615 653796
746520 741714
733940 849149
190377 818980
774671 247402
856933 692697
692156 155043
908936 10257
608147 946481
534239 655732
201825 461713
275405 627505
787852 320653
1711 815158
487770 966001
794035 716329
539506 680762
991092 857509
469641 841822
868042 984978
148449 80694
288964 830838
847207 514803
941730 579380
86810 723367
816205 527897
716666 268076
3505 951740
809617 303406
147008 380821
190918 4846
29724 950301
873210 711319
506742 668315
103430 941062
216301 25668
108783 503981
655513 924502
872547 645400
378647 70582
292699 813146
452650 5578
826978 356222
315022 501236
915244 789187
734948 913277
638127 812983
917653 876409
249332 491297
282917 50397
849092 249822
824582 192986
925618 549007
320031 554531
259618 971955
618460 743839
245309 961809
22743 205102
936707 133344
420970 98498
271886 586770
39295 738351
200923 390472
181587 83089
243307 455730
644987 838068
51104 758330
492264 873165
29944 585250
147299 586466
747781 168246
799715 763209
925970 462910
150643 112095
575671 477709
683886 217862
402668 451441
892934 74856
175008 955378
414687 104591
866004 384633
512103 118129
410764 482237
170470 328031
802609 654017
826159 993196
15506 723298
355901 745213
661631 409547
399869 887389
482064 32355
389966 699628
829992 72548
915339 788298
132362 113644
983668 342576
609969 854221
397643 29201
198949 589211
605627 641602
1311 657796
359563 209617
288891 427007
567168 155332
555852 149978
764923 287661
585982 121041
555182 919876
396251 428791
339201 389259
60677 147453
295161 149885
778346 43585
31606 755042
73547 701933
966927 120850
504519 265749
84885 581576
758969 69719
868234 502273
164061 253404
705134 881159
922109 38125
892286 22561
54957 618897
391087 478585
511178 165176
639290 487703
467295 972999
122422 537738
572924 320763
693192 283851
462479 363653
669855 884623
26710 543038
343857 816093
608163 381264
401288 734111
338332 986354
496021 62559
991682 753882
306885 526808
662679 814485
879222 620993
495522 484217
870899 425602
179480 325214
538437 53628
114558 483592
621131 434323
754069 565528
344733 223597
676721 939303
689867 697723
814604 988432
987390 473101
830509 546571
968994 236813
924608 127849
609436 979789
605281 82416
480661 944560
935529 591642
559402 64832
532575 114325
974937 84506
618168 493105
195340 173196
190908 676518
910086 748132
815332 767251
701376 228413
106510 129809
56527 81891
230120 978163
185439 639872
166046 130534
407351 876163
412757 167339
821536 75952
627729 411120
225465 331933
793467 882205
510400 578257
284583 759010
212139 787532
96583 199710
644101 891264
868348 845033
147099 603486
883693 287006
530361 23880
434098 231400
511149 334593
113860 345664
12307 732092
235136 692655
442253 885336
201972 632095
25334 239656
872301 620624
863644 636487
370716 858594
339007 163955
827475 883325
717429 372255
324570 628604
612498 663140
432828 214467
383212 169187
664257 641239
90712 694716
467155 399567
438216 352438
135173 108108
920334 410213
342276 405058
956461 97379
430355 977727
688381 494402
859143 132678
910744 806825
799572 195744
829193 964016
580075 808242
341878 58703
643582 148168
189784 580376
126149 803589
259744 162082
196171 404653
348004 329984
984065 874529
941830 473323
269369 323444
769471 15107
114591 14657
223282 309556
408591 941831
452408 815407
642507 826471
410617 696995
387626 237585
493928 537389
517506 288936
497084 724061
76987 530462
739679 139737
100914 867916
291881 432311
687689 452860
319557 684838
230795 382994
308787 394266
626084 613777
847698 133907
221466 614753
83432 47564
518380 530776
491656 749348
781448 322942
93652 149831
700932 761092
398231 941983
266333 33106
544739 703560
754612 116688
354155 780679
986964 702505
142832 597784
256705 671799
598045 448640
375013 135779
688545 386245
252498 122437
544916 387720
115734 904837
892396 265582
575512 871369
149555 368394
728395 5420
983202 148611
511738 546752
730828 139891
121827 912567
713936 544768
550298 557375
347048 774115
220736 833074
876841 51817
22188 185791
407840 423490
165650 517137
190685 702297
373501 72988
68248 685387
262603 585406
921707 403843
358296 628016
321181 960823
258593 722496
237419 452929
77050 93618
313077 443627
286767 732243
741579 270667
565046 760409
569964 156452
219445 17981
645561 372659
760430 317332
168148 182378
60454 523180
338779 978350
371288 485517
207341 562128
357893 158037
928453 337991
402162 774375
411267 292083
174423 69255
897591 540333
460803 262993
559563 319227
597977 266896
562202 757402
81020 62585
610455 161282
506528 229663
493660 287992
305410 661757
337550 225934
115436 74191
561801 600527
195800 887764
838665 438625
645261 271009
544195 940667
719450 551237
936445 736199
739181 798658
71502 602711
215447 568722
813269 989011
979785 15212
662942 653113
990698 732790
71704 769794
25423 620963
835117 603960
777822 808898
699353 540800
792004 314109
606201 645426
34822 40897
388707 717420
2004 442194
79969 364208
920890 792821
796982 172660
260709 486133
676546 612162
440568 373486
197343 454369
226898 452749
518703 270040
600626 883217
623644 400753
265318 505205
674949 35274
519215 175730
98656 120174
486774 617155
628371 576395
600785 420167
765075 248030
64999 883333
353360 203812
437277 553743
233015 412978
867449 330783
426374 920383
492145 916198
295044 796662
152245 226218
282450 764319
817197 444659
330491 346222
486915 81542
691020 789990
958382 627494
147709 27825
490893 239219
862984 25197
933741 910256
863163 96665
178955 736295
448009 757820
479541 53997
682250 429479
850112 350601
630243 629048
114510 925733
785893 536440
980789 201177
637021 601382
337541 526110
690559 812572
603998 995863
736091 699442
712785 627077
840281 940532
510536 765069
185481 857952
382145 459893
246572 143003
134495 613100
581442 140125
472071 952872
969888 261010
858039 134792
403333 473867
868533 11790
300152 922755
717560 865951
934383 45392
988840 522067
751165 195076
889566 705950
199156 278000
143201 947651
152023 21060
114434 566018
595466 643188
145444 440359
870089 707350
409715 986407
83038 513306
163001 412411
544461 495068
225271 606171
882261 943551
665128 539522
34012 738611
428838 496180
234573 691708
447721 576757
583245 853582
100312 391262
863500 769073
306209 458922
634513 717781
278327 944515
858866 968668
356308 332363
91572 614830
813521 436666
785096 545414
328189 682448
27241 640287
720339 663189
97621 255386
726454 722167
647324 340004
372205 57193
949596 154619
598312 556589
708144 362546
354319 644786
79995 334295
845652 31396
875484 708685
738744 243595
544188 393786
645576 963385
103786 364662
486578 66314
593795 107871
755687 663232
792516 153832
504914 654453
559567 166499
984603 378999
650945 759857
266375 443750
67822 91598
805831 659577
551432 890234
383144 774059
217152 219463
93794 722655
795172 72513
550164 218443
784956 302223
513510 807762
861673 548207
375774 194872
602839 451052
63101 837148
920034 578415
57288 595187
495283 294259
212218 455698
687301 72414
768474 443155
785793 795951
58975 70649
912077 837575
832107 421123
526649 698461
851189 39249
283235 207507
523977 614473
50015 227697
764509 582475
855022 717975
245717 883228
425722 595638
376786 964823
264152 697155
43519 625419
164099 613522
592272 851338
116864 348457
400818 977982
828156 599511
982623 75161
451274 884194
738145 893376
100302 387963
786232 951291
123378 652451
651752 39470
313451 581990
406493 767233
448790 991979
461092 47268
79244 521090
586095 759606
880097 249980
260317 695339
368979 311464
523039 726254
509414 948003
145340 335332
816848 925978
554975 265141
629609 697129
904758 378252
560106 403954
791898 882276
3480 456532
3487 458236
869261 513899
989522 454224
495395 257610
508492 456874
409386 794096
496277 552688
872336 147257
970968 883510
721040 69873
467574 404061
264591 744549
943443 349936
973854 453483
483845 669248
424220 381149
658214 142496
974725 966484
741368 781163
147051 231404
579298 327622
586374 741962
233422 858117
638057 523071
463134 816843
560702 325070
396884 946216
772904 367142
703118 742296
315808 971024
740485 764995
118138 288268
198465 458574
97173 337995
523169 672089
551307 167281
389034 46630
394126 241972
878315 250654
914452 228802
139919 919686
415230 894070
392783 204851
888514 439252
196608 145409
124380 906747
600588 290239
201496 30446
860817 316989
614217 954034
985416 297229
248002 301658
534152 190761
988685 12750
252136 482890
843020 374533
403743 17374
38620 987511
812021 150557
347918 824789
356102 46772
805077 879741
87987 543082
141940 812067
781922 618884
701191 731065
805400 995834
337049 820116
694155 147849
575431 160053
319101 124870
641435 403108
671392 918692
43422 622980
989710 773542
541226 250836
237128 520049
630383 334603
428863 819737
614613 238563
882707 387292
925896 80182
23788 542639
53232 937776
284652 943714
80245 101580
665819 230912
947521 659738
796155 585853
673866 823353
286088 562746
944893 182292
55092 625043
116183 351337
684752 568349
251039 293237
730801 737741
213288 889960
277073 19008
356579 762526
100744 939093
157062 715803
855935 87158
824970 993735
157842 954552
459593 746865
727462 191281
5816 403323
364525 554567
512174 496234
868179 358283
802990 929965
139130 423103
981897 518205
821504 700816
558807 232269
145795 677512
570289 997785
579374 501362
87999 328482
573042 252759
836306 786342
906671 199028
83907 745398
721949 619632
792412 824379
996692 336284
162377 3587
209487 155689
473208 109114
647206 196064
145253 952878
541662 519925
814957 943487
176233 59590
858136 202590
736622 804890
727230 163642
7785 504525
783685 310248
109399 651377
474818 98548
66504 222257
304619 200108
803633 346056
362952 848957
166249 494168
438495 973708
188863 156620
633398 673790
241039 951494
923795 518185
751337 519668
340505 952376
442755 127333
902554 330522
959175 378631
332978 714916
46409 842073
59986 364295
705337 185529
81960 536502
761192 549203
29616 119503
253756 326008
378455 726070
839300 577507
873799 141724
382123 796286
151973 189205
363249 316757
140784 679778
5521 902140
798788 150904
546453 695755
813218 189706
371144 605031
669905 228936
926558 405705
761157 637602
28856 548460
288397 752398
866378 533661
104714 16728
241093 483880
493172 554500
308819 18069
653277 718800
244769 77726
547030 832030
47079 253670
394719 938255
438753 238536
975746 293219
219278 582314
768864 943921
539445 447070
495235 856976
179572 824314
391711 462742
213491 284095
749328 582323
809192 335354
315754 951164
666435 243784
552641 925814
38951 773932
139850 403712
711035 373877
974960 350397
194681 798296
697410 999292
860782 842661
406609 656316
566582 734319
384629 106286
939720 961873
681235 638453
802611 885399
499535 331899
84662 540184
505394 244312
738841 625187
398695 300455
854844 223649
595432 556357
315584 631226
953792 81079
110415 87663
61012 54901
683415 576673
858796 337093
486722 901097
128536 524096
866195 16955
104578 649686
468895 416236
211477 716416
166011 464496
502376 784374
449451 735821
21476 967665
639752 889878
739276 539891
524627 907018
738688 895344
842412 66972
706474 67191
85800 336177
29381 346490
914842 758667
693264 129190
503291 645258
997567 626288
743040 314321
640747 688845
477871 583029
761306 418873
282051 833176
221626 473347
597410 378884
810178 445536
361973 460829
52183 277071
356415 1613
857328 701955
139356 690743
838066 207011
183482 767801
481862 626528
966473 574527
745302 664625
438456 491548
894535 698085
13409 933338
940268 13273
55774 304535
816021 43407
316418 79821
767384 776288
632434 471301
877637 276198
686404 81590
803155 230705
272611 65941
739823 456902
768487 94336
712734 165957
442053 484686
49159 774
779437 924764
554263 247179
699644 77498
972220 997140
751829 302856
579256 506846
597471 363367
918775 487761
418319 659562
744252 145898
572688 152638
314921 131139
158936 853542
867149 747064
219254 604455
661118 96896
946916 815659
690916 303598
99457 585743
880824 744936
292253 722352
41397 405848
340740 898589
