765564 371722
991602 700700
218018 28233
289995 947241
350620 171627
420360 293892
596770 487338
166407 272082
373832 986694
591459 613409
982970 175943
785655 847756
222417 99701
340268 455982
750460 711556
834353 358996
627369 427116
92893 335409
890509 417528
460767 403942
797599 775731
157477 486418
741609 110920
36688 281926
388449 876892
114221 955158
669349 175602
998341 8748
642717 590583
90357 34662
568681 181907
45750 705563
966601 859167
975470 7119
575598 541925
488617 808343
941131 711869
701656 363635
673549 726357
821500 666135
845049 171604
969339 93035
371308 19144
882930 445163
850609 416276
66578 616713
324477 433486
960876 845412
912561 643171
537916 375196
615827 241578
420884 505144
162200 763543
146961 63235
103607 114802
176149 247450
303645 337336
284895 189065
145882 720267
143057 611830
154456 984557
529172 851815
79772 853440
818932 311203
86845 820636
699540 715058
45972 150196
763483 812915
456649 917876
781533 600190
403708 122294
269890 988540
328674 837803
123074 997789
430392 568456
281002 438600
883356 938963
884717 600873
665083 229110
308117 628896
695743 293451
799363 856895
118626 26983
788905 937746
707514 113571
146474 470988
574516 338595
192724 228728
869950 103961
988020 770001
648139 848456
317164 68754
917382 183109
719653 8629
438011 252238
165584 593917
644113 780785
679779 926639
122249 963434
208518 549475
43069 187158
462015 400616
574035 354234
700429 992120
774686 350050
32366 343180
612202 945446
885240 325675
972910 505497
686903 187350
633625 266099
811367 704687
916889 501664
247111 962162
799885 786443
364608 893714
793236 385767
571905 778363
950252 875784
301091 253312
739749 304292
476549 38332
141594 253953
919375 567973
706271 669715
545845 208853
781000 721973
59133 421896
932952 51209
312760 266981
867840 226993
102032 59804
553452 856952
797186 784412
441081 285919
189819 352224
390108 929068
438186 893317
531847 447645
960395 669552
390869 319828
887294 988258
134424 539782
973091 534799
87316 622721
812352 200835
981260 878750
243918 687466
14704 768309
617559 386227
237972 5800
771951 530651
118782 944968
359725 893306
56853 18632
249486 742780
211956 251677
989307 150120
403446 198646
332458 828125
838379 762976
360615 882383
814368 241420
96810 769338
787111 28685
771797 308941
827995 610417
895966 685156
338592 49168
254296 424486
515926 60665
728239 174601
867237 215574
58364 631785
677457 205469
2283 141663
393142 843584
276090 960428
276447 783314
559615 151556
788995 322795
873566 221319
263199 968948
809407 793118
135759 474196
944687 340158
877484 94281
174941 880818
660025 364433
508833 141300
817633 960732
571258 13913
423750 503566
102756 506151
74849 516339
256491 399180
343469 967051
397919 34653
884450 588533
719357 767595
212608 995110
459190 613198
203745 997660
366612 706431
760691 25079
555555 411247
29814 339503
960286 889030
413848 503582
987832 68598
326835 631409
969111 720131
139681 175679
200182 138440
403049 136436
67209 759955
732526 942282
63127 352272
603632 817042
590322 968362
716805 665747
453428 428728
95940 353346
489576 368901
672692 125919
903315 376363
842454 74407
827779 90381
181368 959025
458630 273611
996806 585966
621713 568240
391110 560629
772576 368045
779664 839585
259797 690667
196286 706941
548464 563149
459134 868974
277764 214053
348327 899874
778176 673092
547613 223328
510665 836335
939824 407191
826535 686880
970462 864509
481603 960934
7145 956065
364397 808811
973784 656368
897183 70151
554678 780858
988508 239270
450859 832853
379375 208831
302278 978198
454406 369031
287882 37317
445331 949894
888365 44868
448826 140812
455069 461126
834997 784918
564394 91997
274812 402436
137607 365848
941046 432900
67190 840807
914618 35060
420831 212524
329865 13920
642013 534580
364090 902059
625786 17096
198866 769076
238711 702822
255473 25941
270177 374654
920935 284716
485738 251669
933059 602398
448245 479549
148769 382271
55737 28775
561372 258220
734467 26232
735877 574456
958403 165686
123388 322484
669894 628258
594784 204464
908501 886012
886497 349477
783372 223946
964840 608004
329588 555103
530467 891316
667031 890530
317579 981434
770496 736128
431246 176220
627142 179157
628217 50085
964436 329318
245188 731450
732211 93278
835282 321753
840306 413242
101343 94336
109464 800914
697612 721132
315647 679015
401717 893403
691895 30435
719883 742025
409088 190811
275389 212183
681205 327535
575161 338018
81976 314279
475588 433790
739452 974257
60858 624540
437383 333670
16463 667949
557858 314211
266462 822628
258121 354590
567477 855781
442495 66704
462473 933764
206571 122830
32407 670060
110459 497296
283373 270241
986051 366523
244226 591280
33204 67571
976206 446170
478372 138300
348019 447722
1318 122967
673029 467329
174264 78655
963700 662195
599638 476703
703846 946466
272743 197077
297678 851430
583988 583956
532866 135786
213847 64003
255943 410796
691175 557047
694924 231352
168286 718988
35699 850645
830915 523452
657674 546528
959237 832912
582267 274284
546580 845606
623642 614515
656187 196246
638069 365998
531543 982844
422759 946935
297077 857513
331095 74394
271046 65448
401493 95409
40302 905837
585959 565088
12805 883427
691130 912618
267814 160729
699145 930255
476112 144333
606924 166749
516631 602932
963381 183417
364462 866320
748587 991510
373881 627256
514723 220202
441095 917319
490470 446362
258115 907925
574308 714607
604700 786455
316399 508171
737889 829505
827116 892305
805529 179591
438367 643809
287328 500554
129078 477669
651729 283294
533144 769418
588212 316455
485295 714063
645018 593304
705763 974363
635286 679183
271457 600724
343189 47826
724480 894610
433351 736111
823264 288818
66814 174486
689966 704532
165952 511678
764963 165557
577864 62359
97841 578169
600059 814256
587063 771039
279081 234273
150257 991425
11938 717913
356824 670225
610544 849953
774417 838568
63771 717911
114901 355803
853025 212191
771488 902469
543519 251944
657020 404717
535053 334831
275848 661033
90696 236209
36555 596043
433189 941898
316290 688690
802218 137248
875532 624325
793187 965226
137125 908117
144917 769363
9184 217186
958985 815045
922292 258909
314403 317600
294557 292228
125018 139858
283440 908174
100542 499271
677403 366444
523711 912391
187260 15137
591311 640820
115223 658731
342943 645932
284318 12125
113236 378286
626846 879716
352739 809055
10006 556351
236443 419282
208356 802093
622738 849491
967983 234677
266348 291518
254268 70146
852498 109951
953280 260007
497424 852631
682235 666643
362218 213780
334432 731127
946368 537362
149022 501763
941615 347449
906877 221325
33664 857004
24962 973710
484470 824905
145928 652089
244943 207040
268477 647788
293514 722321
353746 969534
267023 32198
226923 776679
340621 547212
955438 686714
415923 377048
829737 635854
246134 156925
639365 684597
827628 754894
460385 376178
19040 648098
170879 599431
548618 307591
874930 233629
993289 243351
609054 164762
831247 500832
341748 646735
846565 795306
778647 300554
938630 441182
632667 319717
684656 636164
361930 624317
111036 948486
650366 142099
419211 726585
769320 490503
549189 86284
211850 413003
941885 895033
101226 472708
272046 279317
373927 161386
290839 735687
866146 693057
629491 626330
509904 775581
693825 396469
498987 1644
900087 909414
529332 416211
8007 153578
904183 873169
673420 309784
972529 293780
876830 621042
127694 944344
632605 729873
620995 992599
554131 560262
715081 712936
585752 200180
453569 747775
819428 507759
267791 88834
668733 655124
169888 554172
602735 515320
80011 799937
150318 111012
66472 418211
660607 250158
120121 251633
256646 995225
938064 65807
687302 432085
646469 245171
528841 74493
323073 327596
538371 516496
335359 241885
35688 469640
312871 420268
259514 950365
973486 996078
469881 176273
37576 210800
910827 462915
383613 697203
405393 607644
643305 749108
740980 421139
316918 193529
740564 950429
169146 902904
569795 750714
607666 245075
919297 852287
516255 488081
939357 204472
991617 856980
834220 766829
804866 227136
122792 68436
253977 555161
379715 759704
955720 470352
879938 718744
713325 772286
115784 433349
590446 638147
844079 939289
335219 724228
932248 787348
149670 335105
427912 130770
584719 211501
898055 600454
888746 430726
846238 365187
192877 281339
243222 202592
330748 604827
776487 870143
763135 799700
636579 125843
151208 503828
433595 102455
315285 301521
112764 594887
95816 582896
695137 937599
116614 460899
210110 60839
909764 191343
680764 674206
54520 210783
277085 522128
794717 423582
536070 712559
592285 866378
578323 239734
722774 29288
365376 847308
906384 211341
287408 492845
383303 123583
863068 66088
463850 627611
700795 506566
229635 173032
330530 114206
589714 526493
228683 975607
614042 871745
944414 814593
921225 623321
993476 637150
849214 91661
542261 715943
488101 767281
763527 764317
621103 756974
307624 732322
59241 609785
6336 111971
602558 683447
346796 531392
302871 566006
43772 749715
645994 467095
617268 390292
635363 840625
138443 815894
794197 307852
251913 729318
889720 13624
162881 603861
748891 275420
585249 812181
620686 549802
833522 256837
550610 904707
85492 20498
829754 915323
799851 226135
529301 809711
46959 787958
760295 706991
426755 502339
871998 421090
604029 442460
839889 743677
784521 55766
765117 258606
495547 490647
805970 608447
676255 84058
164940 148917
973872 489537
437906 460681
253678 693433
556717 865191
519060 610551
152095 455629
562115 863630
416280 149483
282973 22564
354898 660276
365437 338924
276379 701860
898995 921085
993278 357649
244952 735399
992650 422474
520802 20894
646128 411755
177145 702042
835880 290069
660258 631780
724088 436900
698766 510022
510923 749937
672128 568843
687480 937492
770609 23213
556900 298898
43024 920021
64208 847471
625372 649260
675783 111745
417627 882634
439681 574475
852969 582861
500596 641630
125839 299083
891285 833109
177457 75329
7216 472021
572111 13297
187716 474892
902183 995344
585951 295201
812103 515712
400917 691042
416505 758377
976564 228339
573676 978393
426126 984217
900541 121386
671352 447807
955146 173103
428950 777403
803509 205849
420630 236305
43147 874884
38875 604735
334142 735034
78786 551075
274845 454669
580048 926534
533418 404251
374891 907526
468945 804297
439512 847353
566566 76231
16575 163616
364933 54561
505435 441149
163588 145080
369003 82489
282576 873074
906713 530415
504832 61715
442414 392833
600289 679452
850652 67081
405300 657729
854174 903512
912784 299229
404888 624524
322574 603178
686811 702578
340334 944104
365587 27690
178466 160734
417989 781070
932985 444177
238394 41076
507183 358361
450732 392689
31424 423670
460046 475271
241210 813168
381774 446848
731318 960143
7574 560700
725459 857570
586562 481991
970806 609485
513853 16101
743534 460035
421426 627651
144320 143061
235527 475030
945062 465696
496853 946031
127480 386166
604951 168166
160610 26333
357081 36368
69414 250389
819422 837725
390152 389636
827985 448826
921316 604291
33810 820575
41318 254003
944171 276276
668008 408196
737034 803003
981920 357978
610455 881199
978283 789071
339782 524287
665378 797014
821357 59103
821013 628216
74324 512486
90134 618749
721935 851464
287554 310399
896375 989416
187794 540829
663303 963292
30869 901591
397281 239671
988284 649438
263627 538031
337834 880570
530559 836165
341895 878334
58984 356753
369079 586381
885938 746763
897468 853524
118974 867361
755055 834191
928358 660716
230921 78458
430255 58401
365784 179257
995268 535269
364131 119407
926014 8269
198286 365502
940401 553216
877307 429024
661501 775970
563769 967962
399117 24118
139913 689562
345260 356362
446187 783827
314074 450508
746826 610759
40013 263447
671099 248315
774756 717355
43685 824748
72791 788467
661314 306740
102212 947039
558242 879399
323719 322516
161236 751571
269061 451735
712092 897263
991237 905907
627100 859479
657381 637237
10890 713577
98653 254039
335455 432445
662197 508933
976029 883767
775454 144114
823317 604118
35044 216266
826883 568657
805611 417958
39171 151158
892925 70674
7657 573877
317621 129317
189148 761204
588130 493717
490024 73273
271704 50219
123527 775462
297622 801373
83317 515769
910952 885423
481528 585030
957483 713065
261000 608431
824729 450240
310995 469878
259729 359994
534963 891596
163068 605061
255436 42190
404276 754349
993870 120527
253651 892117
596663 415228
437295 210594
320733 39813
531852 908414
855271 285671
654515 791958
108695 887375
942423 135256
334984 443826
209132 918964
903121 390991
253708 417504
910019 84259
685135 36781
278426 1063
336917 496965
144730 139161
137145 7463
14447 293073
626527 534002
564918 541106
217265 781120
533947 111624
684732 125336
284358 923264
683638 533668
542110 290921
840659 109138
633011 556425
148895 569672
726992 450709
763216 640865
644503 127217
462911 543798
193364 334269
770391 95294
710755 676919
832097 842065
277259 151485
415499 589368
889042 566888
817647 33681
63010 360555
689839 340921
169604 683824
573252 816743
955707 663420
622986 477028
960228 439929
423673 813527
457570 532362
827426 696266
39848 27457
138136 950632
858444 107934
855774 714269
473832 942259
425675 588822
246512 714051
437620 596371
757113 227142
829248 111460
460733 60862
79254 819849
816997 919869
380141 243327
89621 893715
410752 346897
278790 900638
62541 613683
145393 887579
585407 404084
604544 740686
195577 500652
715564 986989
424791 563509
396873 789145
143617 719640
787769 420990
764584 891769
576277 176357
909674 273650
444204 603618
633331 185942
765910 181639
588138 951550
854079 608283
184430 738069
275564 815167
597774 686752
888661 991873
628683 585949
826947 454293
553823 767487
694286 653709
836427 94869
798519 27656
725733 829659
295642 394671
359927 322219
931574 496597
550527 685137
547718 695548
568660 709346
470763 129440
932254 43321
421922 253288
115480 520926
407220 348317
554901 378847
